T(i,j):

database sequences	1  2  3  4  5  6  7  8  9  10  
query sequences
	0		-33686019  -33686019  -33686019  -33686019  -33686019  -33686019  -33686019  -33686019  -33686019  -33686019  
	1		-33686019  -33686019  -33686019  -33686019  -33686019  -33686019  -33686019  -33686019  -33686019  -33686019  
	2		-33686019  -33686019  -33686019  -33686019  -33686019  -33686019  -33686019  -33686019  -33686019  -33686019  
	3		-33686019  -33686019  -33686019  -33686019  -33686019  -33686019  -33686019  -33686019  -33686019  -33686019  
	4		-33686019  -33686019  -33686019  -33686019  -33686019  -33686019  -33686019  -33686019  -33686019  -33686019  
	5		-33686019  -33686019  -33686019  -33686019  -33686019  -33686019  -33686019  -33686019  -33686019  -33686019  
	6		-33686019  -33686019  -33686019  -33686019  -33686019  -33686019  -33686019  -33686019  -33686019  -33686019  
	7		-33686019  -33686019  -33686019  -33686019  -33686019  -33686019  -33686019  -33686019  -33686019  -33686019  
	8		-33686019  -33686019  -33686019  -33686019  -33686019  -33686019  -33686019  -33686019  -33686019  -33686019  
	9		-33686019  -33686019  -33686019  -33686019  -33686019  -33686019  -33686019  -33686019  -33686019  -33686019  
