T(i,j):
global alignment

database sequence:	  1	  2	  3	  4	  5	  6	  7	  8	  9	 10	
query sequence:
	1			472	-58	197	-12	-29	-37	-53	-41	-43	-60	
	2			-58	490	-57	-35	-68	-35	-24	-60	-29	-62	
	3			197	-57	481	21	-51	-66	-82	-47	-65	-55	
	4			-12	-35	21	478	-63	-54	-58	-54	-18	-65	
	5			-29	-68	-51	-63	495	-56	-48	-77	-26	-40	
	6			-37	-35	-66	-54	-56	473	57	-21	51	-52	
	7			-53	-24	-82	-58	-48	57	485	-16	254	-40	
	8			-41	-60	-47	-54	-77	-21	-16	455	-42	51	
	9			-43	-29	-65	-18	-26	51	254	-42	463	-5	
	10			-60	-62	-55	-65	-40	-52	-40	51	-5	455	


z_score matrix:
global alignment

database sequence:	  1      2      3      4      5      6      7      8      9      10      
query sequence:
	1			25.70  -0.17  12.07  00.94  01.38  00.54  -0.07  00.32  -0.00  -0.94  
	2			-0.17  26.47  00.34  01.57  -1.06  -0.01  00.86  -0.67  00.50  -1.39  
	3			12.34  00.38  25.86  04.56  -0.09  -1.13  -1.41  00.14  -0.85  -0.27  
	4			01.33  01.44  03.60  28.75  -1.05  -0.33  -0.09  -0.12  01.51  -0.84  
	5			01.49  -1.08  -0.08  -0.95  26.79  -0.68  00.12  -1.81  00.95  00.53  
	6			00.54  00.47  -1.23  -0.26  -0.85  25.86  05.67  01.30  05.05  -0.76  
	7			00.01  00.62  -1.35  -0.15  00.25  05.66  26.61  02.05  17.26  -0.12  
	8			00.36  -0.73  00.12  -0.34  -2.01  01.44  01.97  26.58  -0.27  05.32  
	9			00.09  00.67  -0.99  01.26  00.88  05.86  19.33  -0.32  27.77  01.70  
	10			-1.05  -1.51  -0.31  -0.90  00.28  -0.81  00.40  05.56  02.21  27.72  
