
110100100000000000000000000000000000000000000000000000000000000000000000000000000000000000000000000000000000000000000000000000000000000000000000000000000
111000000000000000000000000000000000000000000000000000000000000000000000000000000000000000000000000000000000000000000000000000000000000100000000000000000
011000110000000000000000000000000000000000000000000000000000000000000000001001000000000000000000000000000000000000000000000000000000100110000000000000000
100101100000000000000000000000000000000000000000000000000000000000000000000000000000000000000000000000000000000000000000000000000000000000000000000000000
000010000000000000000000000000000000000000000000000000000000000000000000000000100000000000000000000000000000000000000000000000000000000000000000000000000
000101101100000000000000000000000000000000000000000000000000000000000000000000000000000000000000000000000000000000000000000000001000000000000000000000000
101101100000000000000000000000000000000000000000000000000000000000000000000000000000000000000000000000000000000000000000000000001001100000000000000000000
001000011010000000000000000000000000000000000000000000000000000000000000001100100000000000000000000000000000000000000000000000000000000000000000000000000
000001011100000000000000000000000000000000000000000000000000000000000000000000000000000000000000000000000000000000000000000000000000000000000000000000000
000001001100000000000000000000000000000000000000000000000000000000000000000000000000000000000000000000000000000000000000000000101100100000000000000000000
000000010010010000000000000000000000000000000000000000000000000000000000001000000000000000000000000000000000000000000000000000000000110010000000000000000
000000000001100100000000000000000000000000000000000000000000000000000001000000000000000000000000000000000000000000000000000000000000000000000000000000000
000000000001110100000000000000000000000000000000000000000000000000000000000000000000000000000000000000000000000000000000000000000000000000000000000000000
000000000010110000000000000000000000000000000000000000000000000000000000000000000000000000000000000000000000000000000100010000000100010000000000000000000
000000000000001100100000000000000000000000000000000000000000000000001001000000000000000000000000000000000000000000000000000000000000000000000000000000000
000000000001101100000000000000000000000000000000000000000000000000000000000000000000000000000000000000000000000000000000000000000000000000000000000000000
000000000000000010000000000000000000000000000000000000000000000000000000000000000000000000000000000000000000000000000000110010000000000000000000000000000
000000000000000001000100110000000000000000000000000000000000000010010000000000000000000000000000000000000000000000001000100000000000000000000000000000000
000000000000001000110100000000000000000000000000000000000000000000000000000000000000000000000000000000000000000000000000000000000000000000000000000000000
000000000000000000111000000000000000000000000000000000000000000000000000000000000000000000000000000000000000000000000000000000000000000000000000000000000
000000000000000000011011100000000000000000000000000000000000000000000000000000000000000000000000000000000000000000000000000000000000000000000000000000000
000000000000000001100110010000000000000000000000000000000000100010000000000000000000000000000000000000000000000000000000000000000000000000000000000000000
000000000000000000001110000000000000000000000000000000000000100000000000000000000000000000000000000000000000000000000000000000000000000000000000000000000
000000000000000000001001100000000000000000000000000000000000000000000000000000000000000000000000000000000000000000000000000000000000000000000000000000000
000000000000000001001001100000000000000000000000000000000000000000000000000000000000000000000000000000000000000000000000100000000000000000000000000000000
000000000000000001000100010000000000000000000000000000000001100110000000000000000000000000000000000000000000000000000000000000000000000000000000000000000
000000000000000000000000001000100000000000000000000010100000000000000000000000000000000000000000000000000000000000000000000000000000000000000000000000000
000000000000000000000000000100110000000000000000000000000000000000000000000000000000000000000000000000000000000000000001000000000000000000000000000000000
000000000000000000000000000011001000000000000000000000000000000100110000000000000000000000000000000000000000010011001000000000000000000000000000000000000
000000000000000000000000000011001000000000010110000010000001000100000000000000000000000000000000000000000000000000000000000000000000000000000000000000000
000000000000000000000000001100100010000000000000000010000000000000000000000000000000000000000000000000000000000000000000000000000000000000000000000000000
000000000000000000000000000100010010000000000000000000000000000000000000000000000000000000000000000000000000000010011001000000000000000000000000000000000
000000000000000000000000000011001101000100000000000000000000000000000000000000000000000000000000000000000000110010000000000000000000000000000000000000000
000000000000000000000000000000001100000110000010000010000000000000000000000000000000000000000000000000000000000000000000000000000000000000000000000000000
000000000000000000000000000000110010000000000000000000000000000000000000000000000000000000000000000000000000000000000000000000000000000000000000000000000
000000000000000000000000000000001001100000000000000000000000000000000000000000000000000000000000000000000000100010000000000000000000000000000000000000000
000000000000000000000000000000000001111100000000000000000000000000000000000000000000000000000000000000000000100000000000000000000000000000000000000000000
000000000000000000000000000000000000111000000000000000000000000000000000000000000000000000000000000000000000000000000000000000000000000000000000000000000
000000000000000000000000000000000000111101000000000000000000000000000000000000000000000000000000000000000000000000000000000000000000000000000000000000000
000000000000000000000000000000001100101100110000000000000000000000000000000000000000000000000000000000000100100000000000000000000000000000000000000000000
000000000000000000000000000000000100000011000010010000000000000000000000000000000000000000000000000000000000000000000000000000000000000000000000000000000
000000000000000000000000000000000000001011000001000000000000000000000000000000000000000000000000000000000000000000000000000000000000000000000000000000000
000000000000000000000000000000000000000100110000000000000000000000000000000000000000000000000000000011000100000000000000000000000000000000000000000000000
000000000000000000000000000001000000000100110110000000000000001000000000000000000000000000000000000000000000000000000000000000000000000000000000000000000
000000000000000000000000000000000000000000001101000000000010000000000000000000000000000000000000000000000000000000000000000000000000000000000000000000000
000000000000000000000000000001000000000000011110000000001011001000000000000000000000000000000000000000000000000000000000000000000000000000000000000000000
000000000000000000000000000001000100000010010110010011000001000000000000000000000000000000000000000000000000000000000000000000000000000000000000000000000
000000000000000000000000000000000000000001001001000000000000000000000000000000000000000000000000000000000000000000000000000000000000000000000000000000000
000000000000000000000000000000000000000000000000110000000000000000000000000000000000000000000000000000000000000000000000000000000000000000000000000000000
000000000000000000000000000000000000000010000010111001000000000000000000000000000000000000000000000000000000000000000000000000000000000000000000000000000
000000000000000000000000000000000000000000000000011100000000000000000000000000000000000000000000000000000000000000000000000000000000000000000000000000000
000000000000000000000000000000000000000000000000001100000000000000000000000000000000000000000000000000000000000000000000000000000000000000000000000000000
000000000000000000000000001001100100000000000010000011000001000000000000000000000000000000000000000000000000000000000000000000000000000000000000000000000
000000000000000000000000000000000000000000000010010011001001000000000000000000000000000000000000000000000000000000000000000000000000000000000000000000000
000000000000000000000000001000000000000000000000000000110000000000000000000000000000000000000000000000000000000000000000000000000000000000000000000000000
000000000000000000000000000000000000000000000000000000110000000000000000000000000000000000000000000000000000000000000000000000000000000000000000000000000
000000000000000000000000000000000000000000000100000001001111000000000000000000000000000000000000000000000000000000000000000000000000000000000000000000000
000000000000000000000000000000000000000000000000000000001110100000000000000000000000000000000000000000000000000000000000000000000000000000000000000000000
000000000000000000000000000000000000000000001100000000001110000000000000000000000000000000000000000000000000000000000000000000000000000000000000000000000
000000000000000000000000010001000000000000000110000011001001100100000000000000000000000000000000000000000000000000000000000000000000000000000000000000000
000000000000000000000110010000000000000000000000000000000101100000000000000000000000000000000000000000000000000000000000000000000000000000000000000000000
000000000000000000000000000000000000000000000000000000000000010001000000000000000000000000000000000000000000000000000000000000000000000000000000000000000
000000000000000000000000000000000000000000010100000000000000001100100000000000000000000000000000000000000000000000000000000000000000000000000000000000000
000000000000000000000000010011000000000000000000000000000001001110110000000000000000000000000000000000000000000000000000000000000000000000000000000000000
000000000000000001000100010000000000000000000000000000000000000111010000000000000000000000000000000000000000000000000000000000000000000000000000000000000
000000000000000000000000000000000000000000000000000000000000010011000000000000000000000000000000000000000000000000000000000000000000000000000000000000000
000000000000000000000000000010000000000000000000000000000000001100110000000000000000000000000000000000000000010000000000000000000000000000000000000000000
000000000000000001000000000010000000000000000000000000000000000110110000000000000000000000000000000000000000000001001000000000000000000000000000000000000
000000000000001000000000000000000000000000000000000000000000000000001001100000000000000000000000000000000000000000000000000000000000000000000000000000000
000000000000000000000000000000000000000000000000000000000000000000000100100000000000000001001000000000000000000000000000000000000000000000001000000000000
000000000000000000000000000000000000000000000000000000000000000000000010010000000000000000000000000000000000000001000000000000000000010011001000000000000
000000000001001000000000000000000000000000000000000000000000000000001001100100000000000000000000000000000000000000000000000000000000000000000000000000000
000000000000000000000000000000000000000000000000000000000000000000001101100000000000000000000000000000000000000000000000000000000000000000000000000000000
000000000000000000000000000000000000000000000000000000000000000000000010011011000001000000000000000000000000000000000000000000000000000010001000000000000
001000010010000000000000000000000000000000000000000000000000000000000000011101000000000000000000000000000000000000000000000000000000100010000000000000000
000000010000000000000000000000000000000000000000000000000000000000000001001100100000000000000000000000000000000000000000000000000000000000000000000000000
000000000000000000000000000000000000000000000000000000000000000000000000010010001001100000000000000000000000000000000000000000000000000000000000000000000
001000000000000000000000000000000000000000000000000000000000000000000000011001000101000000000000000000000000000000000000000000000000000010010000000000000
000010010000000000000000000000000000000000000000000000000000000000000000000100110000000000000000000000000000000000000000000000000000000000000000000000000
000000000000000000000000000000000000000000000000000000000000000000000000000000111000000000000000000000000000000000000000000000000000000000000000000000000
000000000000000000000000000000000000000000000000000000000000000000000000000010011110000000000000000000000000000000000000000000000000000000000000000000000
000000000000000000000000000000000000000000000000000000000000000000000000000001001110000000000000000000000000000000000000000000000000000000000000000000000
000000000000000000000000000000000000000000000000000000000000000000000000000000001110100000000000000000000000000000000000000000000000000000000000000000000
000000000000000000000000000000000000000000000000000000000000000000000000010011000001000000000000000000000000000000000000000000000000000000011001000000000
000000000000000000000000000000000000000000000000000000000000000000000000000010000010100000000000000000000000000000000000000000000000000000000000000000000
000000000000000000000000000000000000000000000000000000000000000000000000000000000000010001100000000000000000000000000000000000000000000000000001001100000
000000000000000000000000000000000000000000000000000000000000000000000000000000000000001111000000000000000000000000000000000000000000000000000000000000000
000000000000000000000000000000000000000000000000000000000000000000000000000000000000001110100000000000000000000000000000000000000000000000000000000000000
000000000000000000000000000000000000000000000000000000000000000000000000000000000000001111000000000000000000000000000000000000000000000000000000000000000
000000000000000000000000000000000000000000000000000000000000000000000100000000000000011011001000000000000000000000000000000000000000000000001001100000000
000000000000000000000000000000000000000000000000000000000000000000000000000000000000010100100000000000000000000000000000000000000000000000000000000100000
000000000000000000000000000000000000000000000000000000000000000000000000000000000000000000010011000000000000000000000000000000000000000000000000000000000
000000000000000000000000000000000000000000000000000000000000000000000100000000000000000001001101000000000000000000000000000000000000000000000000100000000
000000000000000000000000000000000000000000000000000000000000000000000000000000000000000000001111110000000000000000000000000000000000000000000000100110010
000000000000000000000000000000000000000000000000000000000000000000000000000000000000000000010111011000000000000000000000000000000000000000000000000000010
000000000000000000000000000000000000000000000000000000000000000000000000000000000000000000011111101100000000000000000000000000000000000000000000000000000
000000000000000000000000000000000000000000000000000000000000000000000000000000000000000000000101110001000000000000000000000000000000000000000000000010000
000000000000000000000000000000000000000000000000000000000000000000000000000000000000000000000110111000000000000000000000000000000000000000000000000010011
000000000000000000000000000000000000000000000000000000000000000000000000000000000000000000000011011100000000000000000000000000000000000000000000000000000
000000000000000000000000000000000000000000000000000000000000000000000000000000000000000000000001001100000000000000000000000000000000000000000000000000000
000000000000000000000000000000000000000000100000000000000000000000000000000000000000000000000000000011000000000000000000000000000000000000000000000000000
000000000000000000000000000000000000000000100000000000000000000000000000000000000000000000000000100011100100000000000000000000000000000000000000000010000
000000000000000000000000000000000000000000000000000000000000000000000000000000000000000000000000000001111100000000000000000000000000000000000000000000000
000000000000000000000000000000000000000000000000000000000000000000000000000000000000000000000000000000110000000000000000000000000000000000000000010010000
000000000000000000000000000000000000000000000000000000000000000000000000000000000000000000000000000000101101000000000000000000000000000000000000000000000
000000000000000000000000000000000000000100100000000000000000000000000000000000000000000000000000000001101100100000000000000000000000000000000000000000000
000000000000000000000000000000000000000000000000000000000000000000000000000000000000000000000000000000000010000000000000000000000000000000000100110010000
000000000000000000000000000000000000000000000000000000000000000000000000000000000000000000000000000000001001101000000000000000000000000000000000000000000
000000000000000000000000000000001001100100000000000000000000000000000000000000000000000000000000000000000101110000000000000000000000000000000000000000000
000000000000000000000000000010001000000000000000000000000000000000100000000000000000000000000000000000000000110011000000000000000000000001000000000000000
000000000000000000000000000000000000000000000000000000000000000000000000000000000000000000000000000000000001001100100000000000000000001001100000000000000
000000000000000000000000000000000000000000000000000000000000000000000000000000000000000000000000000000000000001100110000000000000000000000000000000000000
000000000000000000000000000010011001000000000000000000000000000000000000000000000000000000000000000000000000010011001000000000000000000000000000000000000
000000000000000000000000000010000000000000000000000000000000000000010010000000000000000000000000000000000000010011101000000000000000000001000000000000000
000000000000000000000000000000000000000000000000000000000000000000000000000000000000000000000000000000000000001101100000000000000010001000000000000000000
000000000000000000000000000000010000000000000000000000000000000000000000000000000000000000000000000000000000000100010000000000000000000000000000000000000
000000000000000001000000000010010000000000000000000000000000000000010000000000000000000000000000000000000000000011001101100000000000000000000000000000000
000000000000010000000000000000000000000000000000000000000000000000000000000000000000000000000000000000000000000000001100110000000100010000000000000000000
000000000000000000000000000000000000000000000000000000000000000000000000000000000000000000000000000000000000000000000010000001000000000000000000000000000
000000000000000000000000000100010000000000000000000000000000000000000000000000000000000000000000000000000000000000001001000000000000000000000000000000000
000000000000000011000000100000000000000000000000000000000000000000000000000000000000000000000000000000000000000000001100110000000000000000000000000000000
000000000000010010000000000000000000000000000000000000000000000000000000000000000000000000000000000000000000000000000100111010000100000000000000000000000
000000000000000000000000000000000000000000000000000000000000000000000000000000000000000000000000000000000000000000000000011110000000000000000000000000000
000000000000000000000000000000000000000000000000000000000000000000000000000000000000000000000000000000000000000000000000001110000000000000000000000000000
000000000000000010000000000000000000000000000000000000000000000000000000000000000000000000000000000000000000000000000000011110000000000000000000000000000
000000000000000000000000000000000000000000000000000000000000000000000000000000000000000000000000000000000000000000000010000001100110000000000000000000000
000000000100000000000000000000000000000000000000000000000000000000000000000000000000000000000000000000000000000000000000000001101100000000000000000000000
000000000000000000000000000000000000000000000000000000000000000000000000000000000000000000000000000000000000000000000000000000010000000000000000000000000
000001100100000000000000000000000000000000000000000000000000000000000000000000000000000000000000000000000000000000000000000000101001100000000000000000000
000000000100010000000000000000000000000000000000000000000000000000000000000000000000000000000000000000000000000000000100010001100100110000000000000000000
000000000000000000000000000000000000000000000000000000000000000000000000000000000000000000000000000000000000000000100000000001000011001000000000000000000
000000100000000000000000000000000000000000000000000000000000000000000000000000000000000000000000000000000000000000000000000000001011101100000000000000000
001000100110000000000000000000000000000000000000000000000000000000000000001000000000000000000000000000000000000000000000000000001101100100000000000000000
000000000010010000000000000000000000000000000000000000000000000000000010000000000000000000000000000000000000000000000100000000000100010000000000000000000
000000000000000000000000000000000000000000000000000000000000000000000000000000000000000000000000000000000000001000100000000000000011001100100000000000000
011000000000000000000000000000000000000000000000000000000000000000000000000000000000000000000000000000000000000000000000000000000001101110010000000000000
001000000010000000000000000000000000000000000000000000000000000000000010011001000000000000000000000000000000000000000000000000000000000110000000000000000
000000000000000000000000000000000000000000000000000000000000000000000010000000000000000000000000000000000000011001000000000000000000000001100100000000000
000000000000000000000000000000000000000000000000000000000000000000000000000000000000000000000000000000000000001000000000000000000000001001100100000000000
000000000000000000000000000000000000000000000000000000000000000000000000000001000001000000000000000000000000000000000000000000000000000100010010000000000
000000000000000000000000000000000000000000000000000000000000000000000110010000000001000001000000000000000000000000000000000000000000000000001101100000000
000000000000000000000000000000000000000000000000000000000000000000000000000000000000000000000000000000000010000000000000000000000000000001101110110000000
000000000000000000000000000000000000000000000000000000000000000000000000000000000000000000000000000000000000000000000000000000000000000000010111000000000
000000000000000000000000000000000000000000000000000000000000000000000000000000000001010001000000000000000000000000000000000000000000000000001011001000000
000000000000000000000000000000000000000000000000000000000000000000000000000000000000000001001100000000000010000000000000000000000000000000001100100010000
000000000000000000000000000000000000000000000000000000000000000000000000000000000000000000000000000000010010000000000000000000000000000000000100010000000
000000000000000000000000000000000000000000000000000000000000000000000000000000000000010000000000000000000000000000000000000000000000000000000001001100100
000000000000000000000000000000000000000000000000000000000000000000000000000000000000010000100100000000000000000000000000000000000000000000000000001100100
000000000000000000000000000000000000000000000000000000000000000000000000000000000000000000000100110001010010000000000000000000000000000000000000100010000
000000000000000000000000000000000000000000000000000000000000000000000000000000000000000000000000000000000000000000000000000000000000000000000000000001101
000000000000000000000000000000000000000000000000000000000000000000000000000000000000000000000000000000000000000000000000000000000000000000000000001101100
000000000000000000000000000000000000000000000000000000000000000000000000000000000000000000000110010000000000000000000000000000000000000000000000000000011
000000000000000000000000000000000000000000000000000000000000000000000000000000000000000000000000010000000000000000000000000000000000000000000000000001011


1000000000000000000000000000000000000000000000000000000000000000000000000000000000000000000000000000000000000000000000000000000000000100110010000000000000
0100000000000000000000000000000000000000000000000000000000000000000000000000000000000000000000000000000000000000000000000000000000000000000000000000000000
0010001100000000000000000000000000000000000000000000000000000000000000000000000000000000000000000000000000000000000000000000000000000110010000000000000000
0001011000000000000000000000000000000000000000000000000000000000000000000000000000000000000000000000000000000000000000000000000000000000000000000000000000
0000110010000000000000000000000000000000000000000000000000000000000000000000000100000000000000000000000000000000000000000000000000000000000000000000000000
0001111011000000000000000000000000000000000000000000000000000000000000000000000000000000000000000000000000000000000000000000000000000000000000000000000000
0011011000000000000000000000000000000000000000000000000000000000000000000000000000000000000000000000000000000000000000000000000000100100000000000000000000
0010000100100000000000000000000000000000000000000000000000000000000000000000000110000000000000000000000000000000000000000000000000000010000000000000000000
0000110010010000000000000000000000000000000000000000000000000000000000000000000000000000000000000000000000000000000000000000000000000000000000000000000000
0000010001000000000000000000000000000000000000000000000000000000000000000000000000000000000000000000000000000000000000000000000100100000000000000000000000
0000000100110000000000000000000000000000000000000000000000000000000000000000100000000000000000000000000000000000000000000000000000110010000000000000000000
0000000010110000000000000000000000000000000000000000000000000000000000000000010100000000000000000000000000000000000000000000000000000000000000000000000000
0000000000001001100000000000000000000000000000000000000000000000000000000000000000000000000000000000000000000000000000000010000000000000000000000000000000
0000000000000100000000000000000000000000000000000000000000000000000000000000000000000000000000000000000000000000000100010011000100010000000000000000000000
0000000000000010011000000000000000000000000000000000000000000000000001001100100000000000000000000000000000000000000000000000000000000000000000000000000000
0000000000001001101000000000000000000000000000000000000000000000000000000000000000000000000000000000000000000000000000000000000000000000000000000000000000
0000000000001001100000000000000000000000000000000000000000000000000000000000000000000000000000000000000000000000000000010010000000000000000000000000000000
0000000000000010010000001000000000000000000000000000000000000000000001000000000000000000000000000000000000000000000100010000000000000000000000000000000000
0000000000000011001001000000000000000000000000000000000000000000000000000000010000000000000000000000000000000000000000000000000000000000000000000000000000
0000000000000000000110000000000000000000000000000000000000000000000000000000000000000000000000000000000000000000000000000000000000000000000000000000000000
0000000000000000000110111000000000000000000000000000000000000000000000000000000000000000000000000000000000000000000000000000000000000000000000000000000000
0000000000000000001001100000000000000000000000000000000000000000001001100000000000000000000000000000000000000000000000000000000000000000000000000000000000
0000000000000000000011110000000000000000000000000000000000000010001000000000000000000000000000000000000000000000000000000000000000000000000000000000000000
0000000000000000000010111111000000000000000000000000000000000000000000000000000000000000000000000000000000000000000000000000000000000000000000000000000000
0000000000000000010010011000000000000000000000000000000000000000000000000000000000000000000000000000000000000000000000110000000000000000000000000000000000
0000000000000000000000010100110000000000000000000000000000000000010001000000000000000000000000000000000000000000000000000000000000000000000000000000000000
0000000000000000000000010010001000000000000000000000000010000010000000000000000000000000000000000000000000000000000000000000000000000000000000000000000000
0000000000000000000000010001000000000000000000000000000000000000000000000000000000000000000000000000000000000000001000100000000000000000000000000000000000
0000000000000000000000000100110000000000000000000000000000000000000001000000000000000000000000000000000000000011001000000000000000000000000000000000000000
0000000000000000000000000100110011000000000000000000000000000100110010000000000000000000000000000000000000000000000000000000000000000000000000000000000000
0000000000000000000000000010001000100000000000000000100110000100000000000000000000000000000000000000000000000000000000000000000000000000000000000000000000
0000000000000000000000000000000100010000000000000000000000000000000000000000000000000000000000000000000000000010010000000000000000000000000000000000000000
0000000000000000000000000000010011000001000000000000000000000000000000000000000000000000000000000000000000010010000000000000000000000000000000000000000000
0000000000000000000000000000010011000001100100000000000100000100000000000000000000000000000000000000000000000000000000000000000000000000000000000000000000
0000000000000000000000000000001000100000000000000000100000000000000000000000000000000000000000000000000000000000000000000000000000000000000000000000000000
0000000000000000000000000000000100011000000000000000000000000000000000000000000000000000000000000000000000000100000000000000000000000000000000000000000000
0000000000000000000000000000000000011011000000000000000000000000000000000000000000000000000000000000000000100100000000000000000000000000000000000000000000
0000000000000000000000000000000000000110000000000000000000000000000000000000000000000000000000000000000000000000000000000000000000000000000000000000000000
0000000000000000000000000000000000001111000000000000000000000000000000000000000000000000000000000000000100100000000000000000000000000000000000000000000000
0000000000000000000000000000000011001011000000000000000000000000000000000000000000000000000000000000000100100000000000000000000000000000000000000000000000
0000000000000000000000000000000001000000100000000100000100000000000000000000000000000000000000000000000000000000000000000000000000000000000000000000000000
0000000000000000000000000000000000000000010000000000000000000000000000000000000000000000000000000000000000000000000000000000000000000000000000000000000000
0000000000000000000000000000000000000000001000000000000000000000000000000000000000000000000000000001100100000000000000000000000000000000000000000000000000
0000000000000000000000000000000001000000000100100000000000000000100000000000000000000000000000000000000000000000000000000000000000000000000000000000000000
0000000000000000000000000000000000000000000010010000000000000000000000000000000000000000000000000000000000000000000000000000000000000000000000000000000000
0000000000000000000000000000000000000000000001100000000000001000000000000000000000000000000000000000000000000000000000000000000000000000000000000000000000
0000000000000000000000000000000000000000000101100100000000100100100000000000000000000000000000000000000000000000000000000000000000000000000000000000000000
0000000000000000000000000000000000000000000010010000000000000000000000000000000000000000000000000000000000000000000000000000000000000000000000000000000000
0000000000000000000000000000000000000000000000001100000000000000000000000000000000000000000000000000000000000000000000000000000000000000000000000000000000
0000000000000000000000000000000000000000100000101100001100100100000000000000000000000000000000000000000000000000000000000000000000000000000000000000000000
0000000000000000000000000000000000000000000000000010001000000000000000000000000000000000000000000000000000000000000000000000000000000000000000000000000000
0000000000000000000000000000000000000000000000000001011000000000000000000000000000000000000000000000000000000000000000000000000000000000000000000000000000
0000000000000000000000000000001000100000000000000000100110000000000000000000000000000000000000000000000000000000000000000000000000000000000000000000000000
0000000000000000000000000000000000000000000000000001011010000000000000000000000000000000000000000000000000000000000000000000000000000000000000000000000000
0000000000000000000000000000000000000000000000000111011000000000000000000000000000000000000000000000000000000000000000000000000000000000000000000000000000
0000000000000000000000000000001001000000100000000100100100000100000000000000000000000000000000000000000000000000000000000000000000000000000000000000000000
0000000000000000000000000010001000000000000000000000110010000000000000000000000000000000000000000000000000000000000000000000000000000000000000000000000000
0000000000000000000000000000000000000000000000000000000001100000000000000000000000000000000000000000000000000000000000000000000000000000000000000000000000
0000000000000000000000000000000000000000000000100100000001101100000000000000000000000000000000000000000000000000000000000000000000000000000000000000000000
0000000000000000000000000000000000000000000000000000000000010011000000000000000000000000000000000000000000000000000000000000000000000000000000000000000000
0000000000000000000000000000000000000000000001000000000000101001000000000000000000000000000000000000000000000000000000000000000000000000000000000000000000
0000000000000000000000000000011001000000000000100100000100100100000000000000000000000000000000000000000000000000000000000000000000000000000000000000000000
0000000000000000000000100010000000000000000000000000000000010010000000000000000000000000000000000000000000000000000000000000000000000000000000000000000000
0000000000000000000000000000000000000000000000000000000000011001000000000000000000000000000000000000000000000000000000000000000000000000000000000000000000
0000000000000000000000000000010000000000000100100000000000000000110110000000000000000000000000000000000000000000000000000000000000000000000000000000000000
0000000000000000000000000100010000000000000000000000000000000000111111000000000000000000000000000000000000000000000000000000000000000000000000000000000000
0000000000000000000001100000000000000000000000000000000000000000011100100000000000000000000000000000000000000000000000000000000000000000000000000000000000
0000000000000000000000000000000000000000000000000000000000000000111110000000000000000000000000000000000000000000000000000000000000000000000000000000000000
0000000000000000000000000000010000000000000000000000000000000000110111010000000000000000000000000000000000000000000000000000000000000000000000000000000000
0000000000000010010001000100100000000000000000000000000000000000010011001000000000000000000000000000000000000000000000000000000000000000000000000000000000
0000000000000000000001000000000000000000000000000000000000000000001000110000000000000000000000000000000000000000000000000000000000000000000000000000000000
0000000000000000000000000000000000000000000000000000000000000000000010110010000000000000010000000000000000000000000000000000000000000000000000000000000000
0000000000000010000000000000000000000000000000000000000000000000000001001101100000000000000000000000000000000001000000000000000000000000001000000000000000
0000000000000010000000000000000000000000000000000000000000000000000000001110110000000000000000000000000000000000000000000000000000000000000000000000000000
0000000000000000000000000000000000000000000000000000000000000000000000010111010000000100000000000000000000000000000000000000000000000000000000000000000000
0000000000000000000000000000000000000000000000000000000000000000000000001011100000100110000000000000000000000000000000000000000000000000001000000000000000
0000000000100010000000000000000000000000000000000000000000000000000000001101100000000000000000000000000000000000000000000000000000000010000000000000000000
0000000000010000001000000000000000000000000000000000000000000000000000000110010000000000000000000000000000000000000000000000000000000000000000000000000000
0000000000000000000000000000000000000000000000000000000000000000000000000000001000000100000000000000000000000000000000000000000000000000000000000000000000
0000100100010000000000000000000000000000000000000000000000000000000000000000000100000000000000000000000000000000000000000000000000000000000000000000000000
0000000100000000000000000000000000000000000000000000000000000000000000000000000011100000000000000000000000000000000000000000000000000000010000000000000000
0000000000000000000000000000000000000000000000000000000000000000000000000000000011000000000000000000000000000000000000000000000000000000000000000000000000
0000000000000000000000000000000000000000000000000000000000000000000000000001000010100010000000000000000000000000000000000000000000000000010001000000000000
0000000000000000000000000000000000000000000000000000000000000000000000000000000000011000000000000000000000000000000000000000000000000000000000000000000000
0000000000000000000000000000000000000000000000000000000000000000000000000000000000011101000000000000000000000000000000000000000000000000000000000000000000
0000000000000000000000000000000000000000000000000000000000000000000000000011001000001100000000000000000000000000000000000000000000000000000000000000000000
0000000000000000000000000000000000000000000000000000000000000000000000000001000000100010001000000000000000000000000000000000000000000000001001100100000000
0000000000000000000000000000000000000000000000000000000000000000000000000000000000001001000000000000000000000000000000000000000000000000000000000000000000
0000000000000000000000000000000000000000000000000000000000000000000000000000000000000000110000000000000000000000000000000000000000000000000000000000000000
0000000000000000000000000000000000000000000000000000000000000000000000010000000000000000111011000000000000000000000000000000000000000000000000000000000000
0000000000000000000000000000000000000000000000000000000000000000000000000000000000000010011000100000000000000000000000000000000000000000000000100110010000
0000000000000000000000000000000000000000000000000000000000000000000000000000000000000000000100010000000000000000000000000000000000000000000000000000010000
0000000000000000000000000000000000000000000000000000000000000000000000000000000000000000010011001100000000000000000000000000000000000000000000000000000000
0000000000000000000000000000000000000000000000000000000000000000000000000000000000000000010011000101000000000000000000000000000000000000000000000000000000
0000000000000000000000000000000000000000000000000000000000000000000000000000000000000000001000110000000000000000000000000000000000000000000000000010010100
0000000000000000000000000000000000000000000000000000000000000000000000000000000000000000000100110000000000000000000000000000000000000000000000000000010000
0000000000000000000000000000000000000000000000000000000000000000000000000000000000000000000010001100000000000000000000000000000000000000000000000000000000
0000000000000000000000000000000000000000000000000000000000000000000000000000000000000000000011001101000000000000000000000000000000000000000000000000000000
0000000000000000000000000000000000000000000000000000000000000000000000000000000000000000000000000010000000000000000000000000000000000000000000000000000100
0000000000000000000000000000000000000000001000000000000000000000000000000000000000000000000001000101100110000000000000000000000000000000000000000000000000
0000000000000000000000000000000000000000001000000000000000000000000000000000000000000000000000000001100100000000000000000000000000000000000000000000000001
0000000000000000000000000000000000000000000000000000000000000000000000000000000000000000000000000000010011000000000000000000000000000000000000010010000010
0000000000000000000000000000000000000000000000000000000000000000000000000000000000000000000000000000001001100000000000000000000000000000000000000000000000
0000000000000000000000000000000000000011001000000000000000000000000000000000000000000000000000000001100100100000000000000000000000000000000000000000000000
0000000000000000000000000000000000000000000000000000000000000000000000000000000000000000000000000001010010000000000000000000000000000000001000100000000000
0000000000000000000000000000000000000000000000000000000000000000000000000000000000000000000000000000011001000000000000000000000000000000000100000000000000
0000000000000000000000000000000000001011000000000000000000000000000000000000000000000000000000000000001100100000000000000000000000000000000000000000000000
0000000000000000000000000000000010000000000000000000000000000000000000000000000000000000000000000000000000011011000000000000000000000000000000000000000000
0000000000000000000000000000000000000000000000000000000000000000000000000000000000000000000000000000000000011001000000000000000000000001000100000000000000
0000000000000000000000000000000000011000000000000000000000000000000000000000000000000000000000000000000000000110000000000000000000000000000000000000000000
0000000000000000000000000000100110000000000000000000000000000000000000000000000000000000000000000000000000010111000000000000000000000000000000000000000000
0000000000000000000000000000100000000000000000000000000000000000000000001000000000000000000000000000000000011011000100000000000000000001000000000000000000
0000000000000000000000000000000000000000000000000000000000000000000000000000000000000000000000000000000000000000100000000001000010011000000000000000000000
0000000000000000000000000000000100000000000000000000000000000000000000000000000000000000000000000000000000000000011001000000000000000000000000000000000000
0000000000000000000000000001100000000000000000000000000000000000000000000000000000000000000000000000000000000000011101100000000000000000000000000000000000
0000000000000100010000000000000000000000000000000000000000000000000000000000000000000000000000000000000000000001001100010001000000010000000000000000000000
0000000000000000000000000000000000000000000000000000000000000000000000000000000000000000000000000000000000000000000011000001000010000000000000000000000000
0000000000000000000000000000000000000000000000000000000000000000000000000000000000000000000000000000000000000000011011000000000000000000000000000000000000
0000000000000000000000001001000000000000000000000000000000000000000000000000000000000000000000000000000000000000001000110000000000000000000000000000000000
0000000000000100110000001000000000000000000000000000000000000000000000000000000000000000000000000000000000000000000100110000000000000000000000000000000000
0000000000000000000000000000000000000000000000000000000000000000000000000000000000000000000000000000000000000000000000001100000000000000000000000000000000
0000000000000000000000000000000000000000000000000000000000000000000000000000000000000000000000000000000000000000000000001110000000000000000000000000000000
0000000000001100100000000000000000000000000000000000000000000000000000000000000000000000000000000000000000000000000000000110000000000000000000000000000000
0000000000000100000000000000000000000000000000000000000000000000000000000000000000000000000000000000000000000000100110000001100110010000000000000000000000
0000000000000000000000000000000000000000000000000000000000000000000000000000000000000000000000000000000000000000000000000001110100000000000000000000000000
0000000000000000000000000000000000000000000000000000000000000000000000000000000000000000000000000000000000000000000000000000111000000000000000000000000000
0000000000000000000000000000000000000000000000000000000000000000000000000000000000000000000000000000000000000000000000000000011000000000000000000000000000
0000000001000100000000000000000000000000000000000000000000000000000000000000000000000000000000000000000000000000000000000001100100100000000000000000000000
0000000000000000000000000000000000000000000000000000000000000000000000000000000000000000000000000000000000000000100010000001000011000000000000000000000000
0000000000000000000000000000000000000000000000000000000000000000000000000000000000000000000000000000000000000000000000000000000011101000000000000000000000
0000001001100000000000000000000000000000000000000000000000000000000000000000000000000000000000000000000000000000000000000000000101100000000000000000000000
0000000000100100000000000000000000000000000000000000000000000000000000000000000000000000000000000000000000000000100100000001000000010011000000000000000000
0000000000000000000000000000000000000000000000000000000000000000000000000000000000000000000000000000000000000000100000000000000001001000100000000000000000
1010001000000000000000000000000000000000000000000000000000000000000000000000000000000000000000000000000000000000000000000000000000000100000000000000000000
0010000100100000000000000000000000000000000000000000000000000000000000000000100000000000000000000000000000000000000000000000000000010011000000000000000000
0000000000000000000000000000000000000000000000000000000000000000000000000000000000000000000000000000000000001001000000000000000000010011000100000000000000
1000000000000000000000000000000000000000000000000000000000000000000000000000000000000000000000000000000000000000000000000000000000001000100100000000000000
1010000000000000000000000000000000000000000000000000000000000000000000000000000010100000000000000000000000000000000000000000000000000000010011000000000000
0000000000000000000000000000000000000000000000000000000000000000000000001001000000000010000000000000000010000000000000000000000000000000001000100000000000
0000000000000000000000000000000000000000000000000000000000000000000000000000000000000000000000000000000001001000000000000000000000000001100100000000000000
1000000000000000000000000000000000000000000000000000000000000000000000000000000000000000000000000000000000000000000000000000000000000000010011000000000000
0000000000000000000000000000000000000000000000000000000000000000000000000000000000100010000000000000000000000000000000000000000000000000010011001100000000
0000000000000000000000000000000000000000000000000000000000000000000000000000000000000010001000000000000010000000000000000000000000000000001000110110000000
0000000000000000000000000000000000000000000000000000000000000000000000000000000000000000000000000000010000000000000000000000000000000000000000111010000010
0000000000000000000000000000000000000000000000000000000000000000000000000000000000000000000000000000000000000000000000000000000000000000000001011100100000
0000000000000000000000000000000000000000000000000000000000000000000000000000000000000010001000000000000000000000000000000000000000000000000001101100100000
0000000000000000000000000000000000000000000000000000000000000000000000000000000000000000001000100000010000000000000000000000000000000000000000110010000101
0000000000000000000000000000000000000000000000000000000000000000000000000000000000000000000000000000000000000000000000000000000000000000000000000001000010
0000000000000000000000000000000000000000000000000000000000000000000000000000000000000000000000000000000000000000000000000000000000000000000000001100100000
0000000000000000000000000000000000000000000000000000000000000000000000000000000000000000001100110000000000000000000000000000000000000000000000000000011000
0000000000000000000000000000000000000000000000000000000000000000000000000000000000000000000000000000000000000000000000000000000000000000000000000000011000
0000000000000000000000000000000000000000000000000000000000000000000000000000000000000000000000100010000000000000000000000000000000000000000000000010000101
0000000000000000000000000000000000000000000000000000000000000000000000000000000000000000000000000000010000000000000000000000000000000000000000010001000011
0000000000000000000000000000000000000000000000000000000000000000000000000000000000000000000000000000100000000000000000000000000000000000000000000010000111

