ALA	ARG	ASN	ASP	CYS	GLN	GLU	GLY	HIS	ILE	LEU	LYS	MET	PHE	PRO	SER	THR	TRP	TYR	VAL
(1)	-0.02	0.10	-0.22	0.02	-0.13	0.02	0.05	-0.05	-0.15	-0.17	-0.04	0.13	-0.40	-0.52	0.29	-0.02	0.02	-0.20	-0.23	-0.16
(2)	-0.06	-0.23	-0.07	0.20	-0.37	0.21	-0.03	-0.06	-0.05	-0.30	-0.22	0.12	-0.20	-0.25	0.24	-0.01	-0.10	-0.57	-0.27	-0.25
(3)	-0.02	-0.01	-0.01	0.43	-0.72	0.09	0.10	0.05	-0.25	-0.48	-0.37	0.19	-0.66	-0.58	0.06	0.05	-0.12	-0.77	-0.37	-0.38
(4)	-0.17	0.12	0.29	0.37	-0.70	0.22	0.40	0.14	-0.31	-0.64	-0.41	0.60	-0.50	-0.68	0.22	0.00	0.21	-0.36	-0.39	-0.36
(5)	-0.13	0.22	0.20	0.68	-1.13	0.33	0.45	0.38	0.24	-0.53	-0.50	0.37	-0.39	-0.65	0.31	0.31	0.02	-0.65	-0.78	-0.51
(6)	0.02	0.32	0.17	0.43	-1.16	0.02	0.70	0.42	0.36	-0.57	-0.58	0.63	-0.80	-0.82	0.75	0.27	0.24	-0.46	-0.72	-0.51
(7)	0.12	-0.10	0.30	0.43	-1.27	0.46	0.39	0.20	0.27	-0.76	-0.54	0.73	-0.44	-0.40	0.42	0.09	0.36	0.12	-0.39	-0.78
(8)	-0.07	0.91	-0.12	-0.01	-1.60	0.51	0.83	0.29	-0.71	-1.37	-0.72	0.57	-0.66	0.25	0.02	0.36	0.15	-0.26	-0.74	-0.59
(9)	0.83	1.36	0.11	0.35	-1.71	0.82	10.00	2.12	3.38	-0.33	1.03	10.00	1.66	-1.03	1.13	2.23	-0.57	10.00	-0.38	-0.13
(10)	1.57	10.00	10.00	10.00	10.00	10.00	10.00	0.83	10.00	-0.93	-0.47	10.00	10.00	0.40	10.00	10.00	10.00	-0.78	10.00	0.71
