1mba	146
   0  15(S)  0.033  0.864    0.058  0.016  0.012  0.015  0.269  0.019  0.041  0.014  0.025  0.067  0.074  0.009  0.100  0.047  0.042  0.033  0.013  0.034  0.055  0.059  
   1  10(L)  0.117  0.738    0.031  0.020  0.002  0.003  0.268  0.007  0.007  0.003  0.002  0.161  0.117  0.001  0.144  0.081  0.020  0.005  0.004  0.024  0.067  0.034  
   2  15(S)  0.048  0.988    0.054  0.050  0.034  0.037  0.084  0.041  0.048  0.037  0.033  0.069  0.067  0.033  0.071  0.054  0.053  0.048  0.038  0.044  0.053  0.053  
   3   0(A)  0.047  0.982    0.047  0.070  0.053  0.037  0.109  0.037  0.037  0.041  0.020  0.063  0.050  0.048  0.061  0.055  0.036  0.045  0.042  0.045  0.051  0.053  
   4   0(A)  0.059  0.981    0.059  0.038  0.040  0.029  0.049  0.042  0.039  0.042  0.048  0.072  0.069  0.035  0.053  0.070  0.058  0.017  0.037  0.085  0.047  0.071  
   5   6(E)  0.047  0.939    0.043  0.025  0.020  0.028  0.130  0.043  0.047  0.022  0.028  0.088  0.075  0.007  0.050  0.092  0.048  0.014  0.030  0.080  0.069  0.061  
   6   0(A)  0.062  0.901    0.062  0.022  0.014  0.012  0.135  0.025  0.026  0.019  0.017  0.122  0.044  0.012  0.105  0.059  0.041  0.010  0.023  0.117  0.071  0.064  
   7   3(D)  0.037  0.988    0.054  0.050  0.034  0.037  0.084  0.041  0.048  0.037  0.033  0.069  0.067  0.033  0.071  0.054  0.053  0.048  0.038  0.044  0.053  0.053  
   8  10(L)  0.099  0.729    0.033  0.020  0.008  0.008  0.418  0.012  0.013  0.011  0.005  0.057  0.099  0.005  0.075  0.030  0.022  0.018  0.009  0.046  0.083  0.028  
   9   0(A)  0.025  0.754    0.025  0.011  0.003  0.002  0.126  0.009  0.006  0.003  0.003  0.222  0.204  0.002  0.088  0.037  0.041  0.002  0.002  0.084  0.048  0.082  
  10   7(G)  0.035  0.958    0.048  0.038  0.023  0.027  0.097  0.034  0.032  0.035  0.030  0.092  0.089  0.022  0.090  0.066  0.028  0.034  0.027  0.045  0.056  0.086  
  11  11(K)  0.039  0.964    0.054  0.044  0.070  0.030  0.077  0.035  0.030  0.049  0.049  0.026  0.067  0.039  0.055  0.035  0.029  0.034  0.038  0.140  0.069  0.032  
  12  15(S)  0.013  0.710    0.022  0.019  0.026  0.004  0.136  0.011  0.005  0.011  0.008  0.019  0.137  0.006  0.059  0.010  0.011  0.013  0.005  0.363  0.117  0.018  
  13  17(W)  0.031  0.827    0.025  0.013  0.009  0.013  0.101  0.008  0.024  0.014  0.009  0.121  0.123  0.014  0.040  0.129  0.012  0.003  0.014  0.031  0.179  0.116  
  14   0(A)  0.040  0.985    0.040  0.037  0.032  0.052  0.093  0.054  0.040  0.048  0.031  0.068  0.050  0.037  0.039  0.054  0.052  0.048  0.042  0.039  0.082  0.061  
  15  14(P)  0.028  0.958    0.048  0.038  0.023  0.027  0.097  0.034  0.032  0.035  0.030  0.092  0.089  0.022  0.090  0.066  0.028  0.034  0.027  0.045  0.056  0.086  
  16  19(V)  0.132  0.813    0.018  0.013  0.008  0.017  0.118  0.008  0.020  0.016  0.009  0.110  0.118  0.013  0.048  0.111  0.005  0.007  0.013  0.018  0.198  0.132  
  17  13(F)  0.018  0.934    0.023  0.062  0.058  0.047  0.039  0.029  0.039  0.017  0.012  0.057  0.066  0.028  0.036  0.018  0.144  0.059  0.021  0.116  0.094  0.038  
  18   0(A)  0.050  1.000    0.050  0.050  0.050  0.050  0.050  0.050  0.050  0.050  0.050  0.050  0.050  0.050  0.050  0.050  0.050  0.050  0.050  0.050  0.050  0.050  
  19   2(N)  0.065  0.985    0.038  0.063  0.065  0.078  0.043  0.027  0.063  0.034  0.028  0.048  0.051  0.040  0.043  0.039  0.077  0.046  0.041  0.073  0.057  0.046  
  20  11(K)  0.050  1.000    0.050  0.050  0.050  0.050  0.050  0.050  0.050  0.050  0.050  0.050  0.050  0.050  0.050  0.050  0.050  0.050  0.050  0.050  0.050  0.050  
  21   2(N)  0.061  0.981    0.055  0.043  0.061  0.066  0.022  0.048  0.076  0.037  0.038  0.067  0.046  0.036  0.024  0.045  0.047  0.034  0.086  0.079  0.041  0.049  
  22   0(A)  0.043  0.990    0.043  0.068  0.079  0.048  0.064  0.045  0.038  0.055  0.030  0.045  0.037  0.073  0.042  0.050  0.034  0.046  0.055  0.050  0.048  0.050  
  23   2(N)  0.032  0.945    0.032  0.038  0.032  0.044  0.061  0.020  0.031  0.033  0.025  0.090  0.096  0.019  0.074  0.061  0.022  0.025  0.022  0.080  0.069  0.127  
  24   7(G)  0.041  0.952    0.047  0.023  0.026  0.032  0.092  0.039  0.039  0.041  0.033  0.067  0.027  0.045  0.054  0.066  0.021  0.024  0.056  0.057  0.156  0.056  
  25  10(L)  0.024  0.896    0.062  0.020  0.040  0.030  0.022  0.038  0.045  0.028  0.030  0.090  0.024  0.021  0.026  0.048  0.036  0.008  0.072  0.247  0.055  0.059  
  26   3(D)  0.037  0.988    0.054  0.050  0.034  0.037  0.084  0.041  0.048  0.037  0.033  0.069  0.067  0.033  0.071  0.054  0.053  0.048  0.038  0.044  0.053  0.053  
  27  13(F)  0.132  0.644    0.016  0.001  0.001  0.001  0.298  0.002  0.006  0.005  0.005  0.068  0.085  0.003  0.017  0.132  0.001  0.001  0.003  0.007  0.246  0.103  
  28  10(L)  0.047  0.745    0.027  0.005  0.003  0.003  0.154  0.008  0.008  0.015  0.007  0.110  0.047  0.008  0.030  0.125  0.002  0.002  0.014  0.043  0.279  0.109  
  29  19(V)  0.068  0.949    0.036  0.045  0.035  0.041  0.054  0.043  0.017  0.031  0.034  0.068  0.061  0.015  0.069  0.108  0.015  0.030  0.037  0.061  0.132  0.068  
  30   0(A)  0.033  0.849    0.033  0.008  0.012  0.027  0.267  0.030  0.058  0.016  0.041  0.044  0.048  0.007  0.034  0.083  0.018  0.022  0.023  0.028  0.146  0.056  
  31  10(L)  0.031  0.746    0.029  0.003  0.004  0.007  0.262  0.011  0.018  0.013  0.020  0.065  0.031  0.010  0.050  0.080  0.004  0.006  0.013  0.022  0.259  0.091  
  32  13(F)  0.109  0.736    0.032  0.006  0.003  0.003  0.218  0.008  0.011  0.012  0.005  0.112  0.046  0.007  0.033  0.109  0.003  0.002  0.015  0.037  0.270  0.069  
  33   6(E)  0.023  0.945    0.040  0.029  0.024  0.027  0.068  0.035  0.023  0.046  0.043  0.090  0.090  0.023  0.082  0.075  0.014  0.026  0.025  0.052  0.057  0.133  
  34  11(K)  0.017  0.932    0.062  0.018  0.021  0.023  0.187  0.027  0.050  0.022  0.045  0.056  0.064  0.017  0.082  0.050  0.046  0.040  0.020  0.044  0.061  0.065  
  35  13(F)  0.041  0.878    0.052  0.011  0.028  0.023  0.101  0.016  0.041  0.015  0.033  0.056  0.027  0.013  0.057  0.041  0.055  0.010  0.019  0.241  0.093  0.071  
  36  14(P)  0.050  1.000    0.050  0.050  0.050  0.050  0.050  0.050  0.050  0.050  0.050  0.050  0.050  0.050  0.050  0.050  0.050  0.050  0.050  0.050  0.050  0.050  
  37   3(D)  0.041  0.983    0.042  0.045  0.025  0.041  0.089  0.039  0.033  0.052  0.031  0.046  0.049  0.063  0.043  0.047  0.035  0.050  0.057  0.080  0.080  0.052  
  38  15(S)  0.010  0.948    0.052  0.025  0.022  0.020  0.078  0.031  0.037  0.034  0.033  0.091  0.088  0.033  0.049  0.109  0.033  0.010  0.033  0.047  0.092  0.083  
  39   0(A)  0.033  0.827    0.033  0.017  0.008  0.013  0.161  0.014  0.025  0.026  0.012  0.075  0.082  0.024  0.027  0.117  0.005  0.011  0.029  0.017  0.237  0.068  
  40   2(N)  0.023  0.945    0.027  0.025  0.023  0.068  0.147  0.068  0.049  0.033  0.028  0.060  0.041  0.010  0.026  0.066  0.040  0.042  0.045  0.041  0.112  0.050  
  41  13(F)  0.057  0.910    0.027  0.023  0.010  0.029  0.177  0.032  0.016  0.044  0.016  0.077  0.061  0.029  0.039  0.057  0.017  0.032  0.031  0.058  0.129  0.094  
  42  13(F)  0.122  0.900    0.043  0.017  0.014  0.014  0.084  0.024  0.023  0.030  0.028  0.112  0.108  0.020  0.057  0.122  0.016  0.007  0.022  0.044  0.091  0.124  
  43   0(A)  0.050  1.000    0.050  0.050  0.050  0.050  0.050  0.050  0.050  0.050  0.050  0.050  0.050  0.050  0.050  0.050  0.050  0.050  0.050  0.050  0.050  0.050  
  44   3(D)  0.053  0.967    0.033  0.028  0.027  0.053  0.100  0.058  0.046  0.037  0.046  0.064  0.060  0.010  0.046  0.081  0.022  0.035  0.041  0.059  0.080  0.073  
  45  13(F)  0.098  0.797    0.038  0.008  0.004  0.004  0.181  0.010  0.009  0.016  0.008  0.134  0.055  0.006  0.052  0.098  0.003  0.003  0.014  0.078  0.169  0.110  
  46  11(K)  0.040  0.985    0.038  0.063  0.065  0.078  0.043  0.027  0.063  0.034  0.028  0.048  0.051  0.040  0.043  0.039  0.077  0.046  0.041  0.073  0.057  0.046  
  47   7(G)  0.034  0.985    0.038  0.063  0.065  0.078  0.043  0.027  0.063  0.034  0.028  0.048  0.051  0.040  0.043  0.039  0.077  0.046  0.041  0.073  0.057  0.046  
  48  11(K)  0.044  0.936    0.047  0.043  0.046  0.026  0.111  0.032  0.022  0.052  0.017  0.053  0.019  0.044  0.037  0.050  0.010  0.025  0.062  0.135  0.113  0.056  
  49  15(S)  0.050  1.000    0.050  0.050  0.050  0.050  0.050  0.050  0.050  0.050  0.050  0.050  0.050  0.050  0.050  0.050  0.050  0.050  0.050  0.050  0.050  0.050  
  50  19(V)  0.068  0.949    0.036  0.045  0.035  0.041  0.054  0.043  0.017  0.031  0.034  0.068  0.061  0.015  0.069  0.108  0.015  0.030  0.037  0.061  0.132  0.068  
  51   0(A)  0.054  0.988    0.054  0.050  0.034  0.037  0.084  0.041  0.048  0.037  0.033  0.069  0.067  0.033  0.071  0.054  0.053  0.048  0.038  0.044  0.053  0.053  
  52   3(D)  0.070  0.982    0.036  0.036  0.038  0.070  0.083  0.067  0.066  0.037  0.048  0.047  0.043  0.015  0.035  0.064  0.041  0.046  0.056  0.056  0.072  0.043  
  53   9(I)  0.099  0.776    0.023  0.008  0.004  0.010  0.231  0.016  0.029  0.010  0.009  0.099  0.085  0.004  0.029  0.154  0.010  0.004  0.016  0.017  0.182  0.059  
  54  11(K)  0.023  0.945    0.040  0.029  0.024  0.027  0.068  0.035  0.023  0.046  0.043  0.090  0.090  0.023  0.082  0.075  0.014  0.026  0.025  0.052  0.057  0.133  
  55   0(A)  0.054  0.988    0.054  0.050  0.034  0.037  0.084  0.041  0.048  0.037  0.033  0.069  0.067  0.033  0.071  0.054  0.053  0.048  0.038  0.044  0.053  0.053  
  56  15(S)  0.028  0.936    0.031  0.023  0.021  0.049  0.131  0.048  0.061  0.030  0.032  0.058  0.054  0.014  0.032  0.098  0.023  0.028  0.049  0.030  0.139  0.050  
  57  14(P)  0.050  1.000    0.050  0.050  0.050  0.050  0.050  0.050  0.050  0.050  0.050  0.050  0.050  0.050  0.050  0.050  0.050  0.050  0.050  0.050  0.050  0.050  
  58  11(K)  0.073  0.990    0.043  0.068  0.079  0.048  0.064  0.045  0.038  0.055  0.030  0.045  0.037  0.073  0.042  0.050  0.034  0.046  0.055  0.050  0.048  0.050  
  59  10(L)  0.046  0.829    0.051  0.009  0.008  0.005  0.100  0.014  0.013  0.020  0.013  0.115  0.046  0.010  0.033  0.115  0.008  0.001  0.021  0.161  0.156  0.099  
  60   1(R)  0.030  0.911    0.044  0.030  0.044  0.037  0.045  0.023  0.038  0.026  0.023  0.067  0.027  0.024  0.049  0.043  0.062  0.011  0.036  0.237  0.079  0.057  
  61   3(D)  0.066  0.981    0.055  0.043  0.061  0.066  0.022  0.048  0.076  0.037  0.038  0.067  0.046  0.036  0.024  0.045  0.047  0.034  0.086  0.079  0.041  0.049  
  62  19(V)  0.085  0.870    0.035  0.020  0.017  0.013  0.142  0.018  0.023  0.027  0.012  0.092  0.073  0.041  0.034  0.149  0.011  0.005  0.028  0.023  0.152  0.085  
  63  15(S)  0.001  0.862    0.048  0.011  0.012  0.007  0.064  0.023  0.014  0.020  0.020  0.147  0.094  0.009  0.033  0.109  0.059  0.001  0.013  0.139  0.051  0.125  
  64  15(S)  0.034  0.981    0.055  0.043  0.061  0.066  0.022  0.048  0.076  0.037  0.038  0.067  0.046  0.036  0.024  0.045  0.047  0.034  0.086  0.079  0.041  0.049  
  65   1(R)  0.068  0.990    0.043  0.068  0.079  0.048  0.064  0.045  0.038  0.055  0.030  0.045  0.037  0.073  0.042  0.050  0.034  0.046  0.055  0.050  0.048  0.050  
  66   9(I)  0.091  0.948    0.052  0.025  0.022  0.020  0.078  0.031  0.037  0.034  0.033  0.091  0.088  0.033  0.049  0.109  0.033  0.010  0.033  0.047  0.092  0.083  
  67  13(F)  0.042  0.826    0.017  0.016  0.010  0.014  0.139  0.030  0.013  0.016  0.007  0.121  0.100  0.014  0.034  0.042  0.025  0.024  0.012  0.031  0.249  0.085  
  68  16(T)  0.050  1.000    0.050  0.050  0.050  0.050  0.050  0.050  0.050  0.050  0.050  0.050  0.050  0.050  0.050  0.050  0.050  0.050  0.050  0.050  0.050  0.050  
  69   1(R)  0.035  0.976    0.045  0.035  0.029  0.037  0.083  0.038  0.048  0.042  0.036  0.066  0.066  0.049  0.048  0.080  0.029  0.032  0.046  0.029  0.101  0.061  
  70  10(L)  0.092  0.936    0.029  0.036  0.027  0.024  0.080  0.042  0.031  0.022  0.016  0.082  0.092  0.036  0.042  0.040  0.057  0.043  0.025  0.048  0.176  0.053  
  71   2(N)  0.034  0.916    0.021  0.044  0.034  0.035  0.067  0.022  0.038  0.014  0.009  0.077  0.090  0.028  0.035  0.030  0.085  0.038  0.020  0.068  0.195  0.047  
  72   6(E)  0.063  0.985    0.038  0.063  0.065  0.078  0.043  0.027  0.063  0.034  0.028  0.048  0.051  0.040  0.043  0.039  0.077  0.046  0.041  0.073  0.057  0.046  
  73  13(F)  0.091  0.724    0.051  0.001  0.003  0.002  0.341  0.005  0.013  0.005  0.021  0.057  0.080  0.002  0.030  0.091  0.006  0.001  0.004  0.061  0.102  0.124  
  74  19(V)  0.036  0.837    0.013  0.029  0.014  0.011  0.106  0.039  0.011  0.007  0.003  0.106  0.093  0.009  0.031  0.010  0.154  0.060  0.007  0.070  0.190  0.036  
  75   2(N)  0.065  0.985    0.038  0.063  0.065  0.078  0.043  0.027  0.063  0.034  0.028  0.048  0.051  0.040  0.043  0.039  0.077  0.046  0.041  0.073  0.057  0.046  
  76   2(N)  0.034  0.942    0.050  0.022  0.034  0.035  0.109  0.036  0.027  0.020  0.054  0.044  0.046  0.012  0.065  0.087  0.027  0.037  0.028  0.063  0.149  0.054  
  77   0(A)  0.065  0.828    0.065  0.007  0.006  0.004  0.208  0.011  0.021  0.007  0.019  0.110  0.111  0.004  0.088  0.073  0.045  0.003  0.006  0.078  0.039  0.094  
  78   0(A)  0.062  0.901    0.062  0.022  0.014  0.012  0.135  0.025  0.026  0.019  0.017  0.122  0.044  0.012  0.105  0.059  0.041  0.010  0.023  0.117  0.071  0.064  
  79   2(N)  0.050  1.000    0.050  0.050  0.050  0.050  0.050  0.050  0.050  0.050  0.050  0.050  0.050  0.050  0.050  0.050  0.050  0.050  0.050  0.050  0.050  0.050  
  80   0(A)  0.049  0.930    0.049  0.020  0.037  0.035  0.057  0.050  0.030  0.044  0.039  0.048  0.008  0.039  0.058  0.031  0.024  0.026  0.070  0.185  0.110  0.039  
  81   7(G)  0.050  1.000    0.050  0.050  0.050  0.050  0.050  0.050  0.050  0.050  0.050  0.050  0.050  0.050  0.050  0.050  0.050  0.050  0.050  0.050  0.050  0.050  
  82  11(K)  0.040  0.985    0.038  0.063  0.065  0.078  0.043  0.027  0.063  0.034  0.028  0.048  0.051  0.040  0.043  0.039  0.077  0.046  0.041  0.073  0.057  0.046  
  83  12(M)  0.065  0.860    0.055  0.010  0.008  0.006  0.114  0.017  0.018  0.016  0.015  0.146  0.052  0.011  0.065  0.108  0.023  0.002  0.018  0.113  0.113  0.090  
  84  15(S)  0.037  0.972    0.056  0.034  0.030  0.033  0.095  0.043  0.039  0.036  0.031  0.072  0.028  0.030  0.081  0.045  0.039  0.037  0.047  0.090  0.083  0.050  
  85   0(A)  0.050  1.000    0.050  0.050  0.050  0.050  0.050  0.050  0.050  0.050  0.050  0.050  0.050  0.050  0.050  0.050  0.050  0.050  0.050  0.050  0.050  0.050  
  86  12(M)  0.042  0.971    0.035  0.045  0.039  0.059  0.073  0.021  0.063  0.029  0.021  0.065  0.069  0.040  0.042  0.064  0.046  0.031  0.039  0.043  0.119  0.057  
  87  10(L)  0.096  0.764    0.047  0.006  0.004  0.004  0.312  0.008  0.018  0.010  0.013  0.080  0.096  0.005  0.042  0.090  0.008  0.004  0.008  0.038  0.117  0.090  
  88  15(S)  0.034  0.955    0.036  0.023  0.034  0.060  0.091  0.068  0.052  0.036  0.043  0.047  0.017  0.014  0.039  0.052  0.029  0.034  0.068  0.109  0.109  0.039  
  89   5(Q)  0.036  0.981    0.054  0.079  0.064  0.038  0.026  0.036  0.018  0.042  0.037  0.052  0.050  0.068  0.073  0.065  0.034  0.042  0.043  0.051  0.081  0.046  
  90  13(F)  0.086  0.730    0.023  0.010  0.005  0.008  0.090  0.008  0.024  0.011  0.022  0.076  0.079  0.014  0.021  0.086  0.004  0.006  0.025  0.016  0.403  0.070  
  91   0(A)  0.049  0.869    0.049  0.023  0.010  0.009  0.127  0.018  0.019  0.017  0.015  0.144  0.129  0.008  0.107  0.079  0.027  0.009  0.012  0.054  0.044  0.101  
  92  11(K)  0.030  0.972    0.056  0.034  0.030  0.033  0.095  0.043  0.039  0.036  0.031  0.072  0.028  0.030  0.081  0.045  0.039  0.037  0.047  0.090  0.083  0.050  
  93   6(E)  0.033  0.983    0.042  0.045  0.025  0.041  0.089  0.039  0.033  0.052  0.031  0.046  0.049  0.063  0.043  0.047  0.035  0.050  0.057  0.080  0.080  0.052  
  94   8(H)  0.019  0.863    0.030  0.014  0.009  0.016  0.127  0.019  0.025  0.027  0.019  0.093  0.094  0.026  0.047  0.126  0.007  0.012  0.024  0.013  0.175  0.096  
  95  19(V)  0.060  0.702    0.022  0.010  0.002  0.006  0.388  0.012  0.010  0.007  0.002  0.169  0.079  0.002  0.044  0.050  0.035  0.006  0.006  0.017  0.072  0.060  
  96   7(G)  0.050  1.000    0.050  0.050  0.050  0.050  0.050  0.050  0.050  0.050  0.050  0.050  0.050  0.050  0.050  0.050  0.050  0.050  0.050  0.050  0.050  0.050  
  97  13(F)  0.050  1.000    0.050  0.050  0.050  0.050  0.050  0.050  0.050  0.050  0.050  0.050  0.050  0.050  0.050  0.050  0.050  0.050  0.050  0.050  0.050  0.050  
  98   7(G)  0.042  0.976    0.045  0.035  0.029  0.037  0.083  0.038  0.048  0.042  0.036  0.066  0.066  0.049  0.048  0.080  0.029  0.032  0.046  0.029  0.101  0.061  
  99  19(V)  0.056  0.831    0.021  0.018  0.006  0.013  0.159  0.015  0.017  0.021  0.047  0.039  0.058  0.045  0.058  0.053  0.016  0.023  0.023  0.024  0.288  0.056  
 100   7(G)  0.027  0.915    0.052  0.026  0.017  0.014  0.087  0.026  0.023  0.027  0.026  0.120  0.111  0.014  0.087  0.084  0.029  0.010  0.018  0.070  0.048  0.110  
 101  15(S)  0.008  0.870    0.046  0.035  0.015  0.012  0.099  0.019  0.011  0.016  0.012  0.096  0.086  0.005  0.052  0.135  0.012  0.008  0.022  0.099  0.157  0.063  
 102   0(A)  0.038  0.985    0.038  0.063  0.065  0.078  0.043  0.027  0.063  0.034  0.028  0.048  0.051  0.040  0.043  0.039  0.077  0.046  0.041  0.073  0.057  0.046  
 103   5(Q)  0.028  0.938    0.034  0.035  0.031  0.026  0.122  0.028  0.025  0.044  0.020  0.079  0.065  0.047  0.051  0.098  0.010  0.021  0.035  0.029  0.102  0.097  
 104  13(F)  0.092  0.819    0.030  0.013  0.006  0.005  0.132  0.010  0.014  0.016  0.043  0.068  0.097  0.016  0.053  0.092  0.010  0.005  0.013  0.033  0.252  0.091  
 105   6(E)  0.029  0.946    0.056  0.032  0.030  0.027  0.088  0.036  0.029  0.048  0.029  0.059  0.026  0.031  0.044  0.051  0.014  0.028  0.058  0.136  0.120  0.058  
 106   2(N)  0.018  0.944    0.046  0.033  0.018  0.026  0.131  0.029  0.044  0.029  0.022  0.086  0.084  0.030  0.064  0.082  0.029  0.029  0.033  0.024  0.101  0.061  
 107  19(V)  0.084  0.874    0.040  0.014  0.011  0.013  0.109  0.019  0.030  0.024  0.020  0.101  0.097  0.027  0.039  0.146  0.016  0.006  0.025  0.023  0.157  0.084  
 108   1(R)  0.055  0.922    0.033  0.055  0.016  0.031  0.153  0.041  0.022  0.038  0.010  0.096  0.054  0.025  0.020  0.073  0.015  0.041  0.043  0.040  0.130  0.064  
 109  15(S)  0.032  0.976    0.045  0.035  0.029  0.037  0.083  0.038  0.048  0.042  0.036  0.066  0.066  0.049  0.048  0.080  0.029  0.032  0.046  0.029  0.101  0.061  
 110  12(M)  0.029  0.776    0.023  0.008  0.004  0.010  0.231  0.016  0.029  0.010  0.009  0.099  0.085  0.004  0.029  0.154  0.010  0.004  0.016  0.017  0.182  0.059  
 111  13(F)  0.074  0.779    0.019  0.010  0.006  0.005  0.102  0.015  0.011  0.010  0.007  0.141  0.151  0.011  0.037  0.074  0.014  0.005  0.008  0.032  0.244  0.100  
 112  14(P)  0.026  0.973    0.034  0.112  0.061  0.049  0.069  0.052  0.031  0.046  0.017  0.057  0.033  0.079  0.028  0.058  0.026  0.055  0.061  0.040  0.050  0.044  
 113   7(G)  0.049  0.984    0.052  0.033  0.045  0.044  0.056  0.053  0.041  0.049  0.047  0.052  0.021  0.046  0.057  0.042  0.037  0.038  0.062  0.101  0.078  0.047  
 114  13(F)  0.093  0.899    0.039  0.023  0.012  0.018  0.142  0.022  0.028  0.026  0.019  0.107  0.105  0.019  0.076  0.093  0.014  0.019  0.022  0.023  0.101  0.092  
 115  19(V)  0.038  0.758    0.022  0.012  0.018  0.007  0.120  0.019  0.008  0.015  0.010  0.044  0.051  0.013  0.051  0.021  0.009  0.012  0.013  0.208  0.307  0.038  
 116   0(A)  0.057  0.947    0.057  0.044  0.046  0.022  0.127  0.028  0.028  0.035  0.032  0.035  0.088  0.025  0.077  0.038  0.030  0.032  0.028  0.122  0.072  0.033  
 117  15(S)  0.048  0.985    0.040  0.037  0.032  0.052  0.093  0.054  0.040  0.048  0.031  0.068  0.050  0.037  0.039  0.054  0.052  0.048  0.042  0.039  0.082  0.061  
 118  19(V)  0.047  0.914    0.037  0.042  0.062  0.035  0.077  0.016  0.026  0.032  0.026  0.033  0.091  0.021  0.061  0.034  0.023  0.023  0.022  0.209  0.085  0.047  
 119   0(A)  0.054  0.964    0.054  0.044  0.070  0.030  0.077  0.035  0.030  0.049  0.049  0.026  0.067  0.039  0.055  0.035  0.029  0.034  0.038  0.140  0.069  0.032  
 120   0(A)  0.054  0.988    0.054  0.050  0.034  0.037  0.084  0.041  0.048  0.037  0.033  0.069  0.067  0.033  0.071  0.054  0.053  0.048  0.038  0.044  0.053  0.053  
 121  14(P)  0.013  0.881    0.041  0.031  0.019  0.016  0.211  0.023  0.017  0.025  0.010  0.106  0.033  0.017  0.111  0.054  0.013  0.021  0.025  0.073  0.079  0.076  
 122  14(P)  0.033  0.923    0.041  0.017  0.026  0.033  0.086  0.055  0.040  0.029  0.040  0.065  0.023  0.009  0.039  0.070  0.033  0.011  0.049  0.180  0.100  0.054  
 123   0(A)  0.050  1.000    0.050  0.050  0.050  0.050  0.050  0.050  0.050  0.050  0.050  0.050  0.050  0.050  0.050  0.050  0.050  0.050  0.050  0.050  0.050  0.050  
 124   7(G)  0.029  0.959    0.062  0.036  0.026  0.021  0.080  0.033  0.036  0.029  0.030  0.096  0.088  0.022  0.072  0.073  0.059  0.015  0.027  0.073  0.048  0.072  
 125   0(A)  0.056  0.811    0.056  0.017  0.026  0.009  0.111  0.019  0.015  0.023  0.022  0.041  0.040  0.013  0.073  0.035  0.020  0.007  0.021  0.333  0.085  0.034  
 126   3(D)  0.014  0.835    0.046  0.031  0.077  0.014  0.093  0.019  0.014  0.038  0.038  0.010  0.071  0.024  0.047  0.020  0.013  0.019  0.023  0.310  0.077  0.016  
 127   0(A)  0.050  1.000    0.050  0.050  0.050  0.050  0.050  0.050  0.050  0.050  0.050  0.050  0.050  0.050  0.050  0.050  0.050  0.050  0.050  0.050  0.050  0.050  
 128   0(A)  0.052  0.870    0.052  0.026  0.014  0.008  0.063  0.018  0.007  0.016  0.011  0.160  0.100  0.013  0.071  0.119  0.039  0.003  0.012  0.080  0.099  0.092  
 129  17(W)  0.018  0.756    0.021  0.005  0.003  0.006  0.201  0.010  0.010  0.014  0.008  0.128  0.050  0.008  0.069  0.100  0.002  0.004  0.011  0.018  0.222  0.111  
 130  16(T)  0.064  0.926    0.059  0.037  0.084  0.039  0.034  0.033  0.045  0.036  0.036  0.034  0.061  0.027  0.026  0.031  0.027  0.023  0.064  0.218  0.056  0.031  
 131  11(K)  0.030  0.917    0.068  0.039  0.036  0.011  0.023  0.023  0.010  0.025  0.030  0.095  0.084  0.030  0.072  0.114  0.040  0.004  0.022  0.130  0.064  0.080  
 132  10(L)  0.130  0.798    0.043  0.016  0.004  0.005  0.230  0.009  0.016  0.012  0.006  0.132  0.130  0.006  0.050  0.102  0.009  0.005  0.012  0.033  0.105  0.075  
 133  13(F)  0.047  0.899    0.025  0.026  0.018  0.017  0.090  0.034  0.020  0.020  0.014  0.106  0.119  0.023  0.052  0.047  0.029  0.030  0.017  0.047  0.182  0.083  
 134   7(G)  0.041  0.972    0.047  0.059  0.097  0.064  0.029  0.043  0.059  0.041  0.023  0.060  0.034  0.052  0.021  0.046  0.032  0.031  0.094  0.080  0.039  0.049  
 135  10(L)  0.055  0.913    0.048  0.009  0.019  0.024  0.177  0.037  0.053  0.018  0.061  0.053  0.055  0.005  0.041  0.081  0.041  0.013  0.021  0.092  0.077  0.073  
 136   9(I)  0.123  0.758    0.028  0.005  0.003  0.003  0.114  0.008  0.015  0.011  0.009  0.123  0.114  0.012  0.025  0.212  0.007  0.001  0.011  0.014  0.194  0.093  
 137   9(I)  0.064  0.905    0.043  0.031  0.052  0.059  0.021  0.047  0.028  0.022  0.024  0.064  0.016  0.013  0.027  0.061  0.018  0.019  0.100  0.174  0.145  0.035  
 138   3(D)  0.052  0.985    0.040  0.037  0.032  0.052  0.093  0.054  0.040  0.048  0.031  0.068  0.050  0.037  0.039  0.054  0.052  0.048  0.042  0.039  0.082  0.061  
 139   0(A)  0.060  0.918    0.060  0.033  0.016  0.014  0.121  0.024  0.031  0.019  0.018  0.119  0.106  0.013  0.092  0.071  0.057  0.013  0.019  0.058  0.046  0.069  
 140  10(L)  0.038  0.731    0.022  0.007  0.003  0.008  0.324  0.013  0.011  0.012  0.005  0.135  0.038  0.005  0.062  0.059  0.007  0.009  0.011  0.021  0.176  0.072  
 141  11(K)  0.031  0.946    0.056  0.032  0.030  0.027  0.088  0.036  0.029  0.048  0.029  0.059  0.026  0.031  0.044  0.051  0.014  0.028  0.058  0.136  0.120  0.058  
 142   0(A)  0.050  1.000    0.050  0.050  0.050  0.050  0.050  0.050  0.050  0.050  0.050  0.050  0.050  0.050  0.050  0.050  0.050  0.050  0.050  0.050  0.050  0.050  
 143   0(A)  0.031  0.875    0.031  0.023  0.010  0.024  0.230  0.031  0.034  0.016  0.016  0.100  0.087  0.004  0.076  0.077  0.020  0.025  0.019  0.038  0.073  0.066  
 144   7(G)  0.050  0.986    0.047  0.040  0.036  0.038  0.061  0.044  0.035  0.050  0.048  0.070  0.070  0.035  0.067  0.064  0.027  0.038  0.037  0.053  0.056  0.085  
 145   0(A)  0.039  0.894    0.039  0.013  0.014  0.017  0.107  0.036  0.015  0.033  0.023  0.121  0.034  0.014  0.053  0.070  0.021  0.008  0.025  0.122  0.116  0.118  
