1mba	146
0.335
0.383
0.232
0.237
0.236
0.262
0.285
0.232
0.455
0.367
0.252
0.251
0.435
0.328
0.235
0.252
0.337
0.269
0.224
0.233
0.224
0.236
0.230
0.261
0.261
0.314
0.232
0.435
0.384
0.258
0.344
0.401
0.394
0.261
0.277
0.319
0.224
0.235
0.257
0.344
0.263
0.289
0.286
0.224
0.244
0.339
0.233
0.233
0.267
0.224
0.258
0.232
0.235
0.367
0.261
0.232
0.270
0.224
0.230
0.323
0.303
0.236
0.308
0.305
0.236
0.230
0.257
0.347
0.224
0.240
0.273
0.287
0.233
0.410
0.324
0.233
0.266
0.324
0.285
0.224
0.279
0.224
0.233
0.303
0.243
0.224
0.244
0.386
0.254
0.236
0.445
0.303
0.243
0.235
0.311
0.448
0.224
0.224
0.240
0.361
0.276
0.302
0.233
0.265
0.346
0.263
0.262
0.304
0.278
0.240
0.367
0.363
0.242
0.235
0.287
0.404
0.262
0.235
0.293
0.251
0.232
0.309
0.280
0.224
0.249
0.385
0.364
0.224
0.299
0.370
0.290
0.274
0.348
0.295
0.242
0.282
0.366
0.293
0.235
0.274
0.412
0.263
0.224
0.315
0.233
0.290
