1mba	146 
    -69.690    -51.684    -22.866    -70.867    -51.692    -21.439
    -67.203    -53.695    -21.026    -64.808    -52.888    -21.773
    -67.974    -55.637    -17.912    -67.163    -57.327    -17.722
    -66.824    -54.376    -14.516    -67.569    -54.605    -13.203
    -64.172    -57.048    -14.542    -64.494    -58.511    -14.642
    -62.931    -56.125    -18.009    -64.775    -57.474    -20.537
    -63.008    -52.470    -17.204    -64.304    -51.707    -16.961
    -60.887    -52.950    -14.076    -62.306    -53.346    -12.086
    -58.221    -54.810    -16.183    -58.518    -57.316    -16.191
    -58.103    -51.995    -18.664    -59.277    -51.438    -19.446
    -57.775    -49.467    -15.823    -57.775    -49.467    -15.823
    -55.053    -51.479    -14.159    -55.714    -54.424    -12.374
    -52.998    -51.620    -17.393    -53.819    -52.147    -18.991
    -53.585    -47.923    -18.079    -54.853    -44.796    -19.849
    -52.489    -46.602    -14.708    -52.899    -47.168    -13.374
    -48.712    -46.950    -15.262    -49.179    -48.803    -15.302
    -49.159    -45.301    -18.699    -49.827    -45.974    -20.434
    -51.244    -42.401    -17.478    -54.085    -40.428    -17.225
    -48.747    -41.949    -14.497    -47.935    -42.969    -13.716
    -46.558    -40.098    -16.928    -44.390    -41.041    -16.029
    -49.203    -38.477    -19.110    -51.593    -36.501    -18.479
    -47.020    -35.882    -20.937    -46.995    -33.776    -19.650
    -44.177    -38.227    -21.938    -43.095    -38.733    -21.071
    -46.455    -41.200    -22.614    -45.941    -42.905    -20.974
    -49.075    -39.197    -24.530    -49.075    -39.197    -24.530
    -46.371    -37.856    -26.893    -45.329    -35.689    -26.257
    -44.863    -41.337    -27.264    -42.843    -42.020    -25.877
    -48.190    -42.878    -28.244    -51.487    -43.584    -28.721
    -48.734    -40.390    -31.038    -50.214    -38.313    -31.609
    -45.187    -40.831    -32.265    -43.438    -40.168    -31.688
    -45.475    -44.695    -32.254    -45.796    -45.521    -30.999
    -48.743    -44.327    -34.232    -51.360    -43.740    -34.436
    -47.121    -42.158    -36.818    -48.551    -39.100    -36.056
    -44.187    -44.461    -37.148    -41.818    -44.320    -34.733
    -46.259    -47.633    -37.585    -46.327    -49.722    -34.527
    -49.013    -46.025    -39.646    -50.642    -48.678    -38.183
    -47.567    -43.155    -41.660    -46.542    -44.614    -42.298
    -50.806    -42.193    -43.365    -52.374    -44.208    -43.291
    -52.337    -41.328    -40.024    -51.729    -42.178    -38.512
    -50.397    -38.032    -39.835    -48.951    -37.833    -39.714
    -52.044    -36.791    -42.990    -51.067    -37.930    -44.939
    -55.360    -36.404    -41.157    -56.757    -39.372    -41.741
    -53.806    -33.865    -38.849    -53.574    -35.837    -36.048
    -53.750    -30.264    -40.058    -54.701    -29.164    -39.575
    -50.741    -29.613    -37.879    -51.760    -28.615    -35.745
    -48.660    -32.624    -38.964    -49.023    -33.317    -35.613
    -49.571    -33.329    -42.606    -51.960    -32.933    -45.656
    -46.473    -33.756    -44.767    -46.473    -33.756    -44.767
    -44.059    -33.616    -41.867    -45.105    -30.911    -39.466
    -41.638    -36.337    -40.949    -39.836    -35.693    -40.788
    -41.579    -38.051    -37.526    -41.931    -39.860    -36.820
    -38.521    -35.932    -36.538    -37.139    -35.952    -37.177
    -40.406    -32.781    -37.486    -40.111    -32.169    -39.883
    -43.430    -33.934    -35.436    -45.152    -35.397    -36.254
    -41.231    -34.743    -32.455    -39.579    -38.198    -32.430
    -39.764    -31.248    -32.632    -38.862    -30.942    -33.836
    -43.103    -29.529    -32.966    -44.780    -29.658    -33.745
    -44.327    -27.277    -30.217    -43.665    -25.991    -31.443
    -47.846    -28.456    -31.208    -48.842    -26.685    -34.408
    -47.290    -32.138    -30.284    -45.892    -34.333    -30.400
    -48.074    -31.752    -26.655    -46.208    -32.146    -23.726
    -51.363    -30.011    -27.250    -51.940    -27.698    -27.090
    -52.642    -32.784    -29.513    -52.394    -32.983    -31.508
    -51.305    -35.685    -27.545    -49.601    -35.730    -26.897
    -52.581    -34.357    -24.263    -52.269    -32.546    -23.887
    -56.143    -33.985    -25.506    -57.190    -29.710    -26.889
    -56.063    -37.578    -26.771    -54.897    -38.379    -28.705
    -54.844    -38.985    -23.434    -51.958    -40.832    -23.285
    -57.331    -36.893    -21.492    -57.497    -35.004    -21.126
    -60.184    -38.364    -23.520    -62.919    -36.904    -25.743
    -58.839    -41.964    -23.430    -57.290    -43.668    -24.629
    -58.681    -41.750    -19.658    -57.992    -40.882    -17.509
    -62.371    -40.788    -19.673    -62.749    -38.612    -18.398
    -63.166    -43.806    -21.892    -63.856    -43.231    -25.177
    -61.251    -46.095    -19.436    -59.379    -46.674    -19.213
    -63.077    -44.601    -16.441    -61.950    -42.646    -15.471
    -66.576    -45.033    -17.920    -67.091    -42.647    -17.940
    -66.116    -48.192    -19.944    -64.777    -48.866    -20.102
    -68.363    -50.303    -17.756    -67.753    -50.834    -16.485
    -71.283    -48.029    -17.981    -72.285    -46.073    -16.863
    -73.108    -48.573    -21.261    -74.118    -49.685    -21.579
    -74.989    -45.403    -20.760    -74.989    -45.403    -20.760
    -72.032    -43.106    -20.464    -70.918    -42.090    -17.049
    -70.357    -45.061    -23.217    -68.298    -46.777    -23.127
    -73.347    -44.442    -25.536    -75.012    -45.193    -25.143
    -73.007    -40.705    -25.328    -73.370    -39.901    -24.070
    -69.221    -40.708    -25.333    -67.674    -41.521    -22.858
    -69.075    -42.962    -28.339    -68.565    -45.472    -27.786
    -71.630    -40.988    -30.342    -73.401    -41.214    -29.868
    -69.911    -37.758    -29.682    -69.622    -35.048    -28.904
    -66.486    -39.215    -30.321    -63.518    -40.826    -30.135
    -67.509    -40.768    -33.660    -68.461    -41.988    -33.809
    -69.332    -37.559    -34.752    -72.772    -37.750    -33.678
    -66.320    -35.486    -34.106    -65.633    -34.370    -31.059
    -63.854    -37.875    -35.870    -61.882    -38.582    -33.633
    -65.927    -38.392    -38.991    -67.530    -39.464    -39.299
    -66.052    -34.622    -39.466    -66.052    -34.622    -39.466
    -62.324    -34.614    -39.679    -61.792    -33.155    -36.547
    -62.332    -37.482    -42.221    -62.332    -37.482    -42.221
    -61.195    -40.134    -39.776    -59.987    -39.738    -38.248
    -62.935    -43.474    -39.986    -62.935    -43.474    -39.986
    -62.894    -46.938    -38.522    -64.118    -48.056    -39.356
    -59.936    -48.068    -40.530    -59.727    -47.841    -42.005
    -57.722    -45.664    -38.580    -58.046    -43.796    -40.471
    -59.049    -47.067    -35.317    -60.217    -44.375    -33.832
    -58.383    -50.594    -36.530    -60.487    -51.696    -38.881
    -54.761    -49.445    -36.769    -54.277    -48.708    -39.063
    -54.862    -47.930    -33.234    -55.595    -46.378    -32.384
    -56.289    -51.227    -31.948    -59.558    -53.786    -33.038
    -53.476    -53.246    -33.564    -53.690    -53.335    -35.382
    -50.716    -51.285    -31.989    -49.906    -48.380    -31.997
    -52.229    -50.396    -28.596    -53.779    -48.409    -26.383
    -51.433    -53.523    -26.533    -52.600    -54.265    -27.818
    -47.822    -53.300    -27.645    -47.822    -53.300    -27.645
    -47.604    -49.690    -26.672    -48.128    -46.501    -26.029
    -49.006    -50.445    -23.168    -50.810    -50.828    -22.461
    -46.602    -53.398    -22.712    -46.741    -54.526    -23.677
    -43.679    -51.106    -23.496    -43.796    -49.592    -24.623
    -44.513    -49.150    -20.295    -45.670    -47.574    -20.086
    -45.313    -52.096    -18.024    -45.889    -51.504    -16.770
    -46.518    -55.683    -18.510    -45.874    -57.017    -18.061
    -50.257    -55.598    -18.341    -49.953    -55.792    -20.224
    -52.252    -58.011    -16.254    -53.103    -56.384    -15.745
    -53.723    -61.092    -17.938    -53.695    -62.546    -17.406
    -56.910    -60.272    -19.710    -56.910    -60.272    -19.710
    -55.990    -56.520    -20.123    -54.856    -55.723    -19.454
    -55.149    -56.994    -23.853    -52.704    -57.296    -24.318
    -58.533    -58.480    -24.640    -58.978    -59.912    -24.359
    -60.195    -55.645    -22.702    -60.185    -55.271    -21.230
    -58.460    -52.993    -24.874    -56.490    -50.648    -23.020
    -59.387    -54.734    -28.045    -58.557    -56.416    -28.414
    -62.994    -54.831    -26.894    -65.460    -56.517    -24.792
    -62.995    -51.106    -26.030    -62.357    -49.159    -24.347
    -61.462    -50.159    -29.360    -58.501    -48.737    -28.771
    -64.039    -52.490    -30.937    -64.039    -52.490    -30.937
    -66.749    -50.310    -29.455    -67.755    -51.072    -27.161
    -65.129    -47.225    -30.921    -63.333    -46.098    -29.878
    -64.743    -48.869    -34.331    -63.000    -50.431    -34.759
    -68.476    -49.792    -34.287    -68.919    -51.910    -33.401
    -69.378    -46.233    -33.487    -69.020    -45.457    -32.210
    -67.324    -44.862    -36.398    -64.922    -44.012    -35.861
    -69.073    -47.209    -38.751    -67.471    -50.633    -39.002
    -72.472    -46.025    -37.583    -73.097    -46.294    -36.229
    -71.349    -42.446    -37.884    -70.516    -41.749    -36.844
    -70.718    -43.111    -41.533    -70.718    -43.111    -41.533
    -67.077    -44.164    -41.964    -66.222    -42.880    -41.753

