1mba	146
0		5.913988e+000	3.823172e+000	5.797098e+000	
1		4.749754e+000	4.980374e+000	6.173279e+000	4.355420e+000	6.391783e+000	5.229306e+000	4.765405e+000	5.151535e+000	
2		6.351173e+000	
3		5.525572e+000	5.002582e+000	
4		6.288086e+000	
5		5.138244e+000	4.414758e+000	
6		4.261559e+000	3.589469e+000	
7		
8		5.512693e+000	4.868978e+000	5.157043e+000	5.687921e+000	
9		4.770785e+000	6.107005e+000	6.156829e+000	4.324236e+000	4.600538e+000	6.220935e+000	
10		5.921014e+000	4.676084e+000	
11		4.692820e+000	
12		4.778571e+000	5.454566e+000	5.385288e+000	3.752001e+000	5.061038e+000	
13		5.153119e+000	5.991696e+000	5.482677e+000	5.536093e+000	4.941261e+000	
14		
15		6.058894e+000	4.502725e+000	
16		4.981098e+000	6.253760e+000	5.870975e+000	5.351293e+000	4.467860e+000	
17		3.943530e+000	
18		
19		5.507553e+000	
20		
21		4.459826e+000	
22		5.827994e+000	
23		4.760417e+000	
24		4.230773e+000	3.540472e+000	
25		4.395469e+000	4.442010e+000	4.319872e+000	
26		
27		5.718539e+000	6.222569e+000	6.111092e+000	6.172492e+000	6.019416e+000	5.830964e+000	5.199870e+000	
28		4.812562e+000	6.093021e+000	5.998482e+000	5.759469e+000	5.408382e+000	5.510721e+000	
29		5.397735e+000	5.357550e+000	4.395833e+000	
30		5.511547e+000	5.105092e+000	5.576695e+000	
31		6.240141e+000	4.380614e+000	5.394902e+000	5.439894e+000	
32		5.060211e+000	3.891819e+000	5.989805e+000	5.819114e+000	5.030367e+000	
33		4.925436e+000	
34		4.583786e+000	
35		3.740126e+000	6.230853e+000	6.236753e+000	
36		
37		6.347735e+000	
38		
39		6.100627e+000	5.686659e+000	
40		5.126554e+000	6.209405e+000	
41		5.906195e+000	4.771572e+000	4.779770e+000	
42		5.490840e+000	
43		
44		3.745288e+000	6.118298e+000	
45		4.440935e+000	5.905993e+000	6.165288e+000	5.322239e+000	
46		
47		
48		5.166864e+000	5.517548e+000	5.865618e+000	
49		
50		5.250357e+000	
51		6.263474e+000	
52		
53		5.995751e+000	
54		
55		
56		
57		
58		
59		5.289549e+000	
60		6.076319e+000	
61		5.625926e+000	
62		
63		
64		
65		
66		
67		
68		
69		5.918662e+000	
70		6.154733e+000	
71		4.788623e+000	
72		5.945080e+000	
73		6.042182e+000	4.783202e+000	5.831267e+000	5.520872e+000	6.170665e+000	5.531060e+000	
74		6.215485e+000	
75		
76		3.968630e+000	5.078827e+000	
77		5.090380e+000	4.895129e+000	
78		
79		
80		5.803396e+000	
81		
82		
83		4.845677e+000	5.917347e+000	
84		6.383838e+000	
85		
86		
87		5.692690e+000	5.669409e+000	4.447361e+000	
88		5.187586e+000	
89		4.584302e+000	
90		4.466322e+000	6.095886e+000	5.281501e+000	
91		6.113710e+000	3.860473e+000	4.564190e+000	3.673063e+000	
92		5.577196e+000	
93		
94		5.121094e+000	6.030810e+000	
95		6.137268e+000	6.269435e+000	4.490483e+000	5.334298e+000	4.404773e+000	
96		
97		
98		
99		5.017627e+000	
100		4.610122e+000	3.778820e+000	
101		5.163270e+000	5.293671e+000	5.405124e+000	4.243687e+000	6.079753e+000	
102		6.253764e+000	
103		
104		5.320931e+000	5.136693e+000	
105		4.990620e+000	
106		
107		5.202257e+000	
108		5.412972e+000	5.115974e+000	5.105413e+000	
109		
110		
111		5.481659e+000	4.865430e+000	5.301643e+000	
112		4.631176e+000	6.361437e+000	
113		6.252232e+000	
114		
115		5.511799e+000	5.710279e+000	
116		6.204531e+000	4.882918e+000	
117		
118		
119		
120		
121		4.963574e+000	5.156632e+000	
122		
123		
124		6.168147e+000	
125		
126		
127		
128		
129		6.385141e+000	
130		
131		6.366097e+000	
132		6.396426e+000	
133		
134		5.497461e+000	
135		
136		
137		6.167147e+000	
138		
139		6.120561e+000	
140		6.138980e+000	
141		
142
