1mba	146
0		78	80	83	
1		5	6	9	77	78	128	131	132	
2		6	
3		7	78	
4		8	
5		128	131	
6		77	78	
7		
8		122	124	125	128	
9		74	77	125	128	129	132	
10		14	74	
11		122	
12		115	121	122	125	129	
13		17	67	70	71	74	
14		
15		118	119	
16		23	67	114	115	118	
17		71	
18		
19		23	
20		
21		60	
22		26	
23		118	
24		63	67	
25		59	60	63	
26		
27		31	66	67	107	110	111	114	
28		32	42	59	62	63	66	
29		33	50	54	
30		34	110	114	
31		35	38	107	110	
32		38	39	42	45	53	
33		50	
34		110	
35		106	109	110	
36		
37		103	
38		
39		45	53	
40		46	47	
41		98	99	103	
42		62	
43		
44		58	62	
45		53	56	59	62	
46		
47		
48		52	53	56	
49		
50		54	
51		55	
52		
53		59	
54		
55		
56		
57		
58		
59		63	
60		64	
61		65	
62		
63		
64		
65		
66		
67		
68		
69		90	
70		111	
71		75	
72		76	
73		83	86	87	90	132	136	
74		129	
75		
76		82	86	
77		83	132	
78		
79		
80		84	
81		
82		
83		87	135	
84		88	
85		
86		
87		135	136	139	
88		92	
89		93	
90		94	104	136	
91		95	139	140	143	
92		143	
93		
94		99	104	
95		100	140	143	144	145	
96		
97		
98		
99		103	
100		140	145	
101		105	137	140	141	145	
102		106	
103		
104		136	140	
105		137	
106		
107		133	
108		130	134	137	
109		
110		
111		115	129	133	
112		126	130	
113		117	
114		
115		121	129	
116		120	121	
117		
118		
119		
120		
121		125	126	
122		
123		
124		128	
125		
126		
127		
128		
129		133	
130		
131		135	
132		136	
133		
134		138	
135		
136		
137		141	
138		
139		143	
140		145	
141		
142
