1AM7_A	154
     68.840     79.187     28.738     66.730     81.536     27.545
     69.726     78.074     25.186     69.127     76.606     24.012
     70.798     80.969     22.986     73.407     82.485     21.737
     68.413     82.345     20.398     66.286     83.192     21.131
     69.581     83.048     16.863     70.612     80.925     15.955
     67.695     83.730     13.670     67.078     85.253     11.857
     67.303     80.074     12.655     68.487     79.195     10.408
     66.024     79.108     16.092     69.839     77.868     18.333
     63.654     82.081     16.274     62.429     85.425     16.035
     62.225     81.153     12.880     63.006     81.128     11.557
     61.719     77.574     14.142     62.110     74.212     14.628
     59.846     78.807     17.241     61.173     79.101     19.462
     57.599     80.976     15.020     58.509     83.257     14.845
     56.892     78.051     12.679     58.330     75.655     11.222
     56.087     75.975     15.768     57.351     74.454     17.402
     53.697     78.609     17.234     54.070     80.036     17.615
     51.831     74.890     13.594     52.909     73.340     13.466
     50.422     74.544     17.131     51.698     72.840     18.801
     47.747     77.144     16.425     47.747     77.144     16.425
     48.696     79.655     19.134     50.085     78.983     20.287
     50.118     82.302     16.788     51.883     84.059     16.725
     48.504     81.696     13.387     46.621     80.115     13.847
     46.561     84.863     12.635     46.561     84.863     12.635
     43.195     83.343     13.520     42.020     80.515     11.311
     43.384     82.196     17.134     43.580     80.853     19.497
     42.697     85.164     19.417     40.290     86.805     21.998
     45.692     86.399     21.455     47.440     85.877     20.798
     46.985     89.596     23.109     43.930     89.776     26.287
     50.572     88.449     22.972     52.383     88.484     24.663
     51.577     86.333     19.973     53.253     88.795     19.022
     50.153     83.090     21.360     50.153     83.090     21.360
     52.092     83.242     24.646     55.635     84.180     23.614
     48.787     83.557     26.503     47.702     85.488     25.298
     46.919     80.725     24.830     46.642     80.519     22.914
     45.474     77.783     26.808     44.428     78.194     28.937
     44.631     74.548     24.962     44.644     72.687     25.585
     41.096     74.952     23.638     41.096     74.952     23.638
     41.463     78.650     22.867     41.463     78.650     22.867
     40.982     80.469     26.193     39.964     79.762     29.378
     43.515     83.167     27.234     43.460     84.782     25.142
     45.285     83.793     30.538     48.359     82.165     30.310
     46.822     87.029     31.826     45.286     88.121     32.139
     48.925     86.029     34.809     49.243     85.386     37.169
     52.413     84.994     33.688     51.912     86.421     30.195
     53.805     83.995     37.079     52.686     84.437     38.559
     52.932     80.342     36.479     52.830     78.391     38.045
     51.443     77.840     34.022     50.952     75.117     32.459
     47.643     78.334     34.215     47.859     78.471     32.359
     47.270     74.611     35.018     50.692     74.350     37.678
     43.789     74.181     33.542     41.405     77.116     33.292
     42.780     70.702     32.450     42.777     68.133     32.916
     40.656     71.296     29.351     40.827     72.874     28.194
     38.435     68.539     27.947     37.053     67.554     28.874
     38.512     68.696     24.156     40.876     69.526     23.565
     36.278     65.598     23.886     37.579     64.240     22.241
     35.711     62.544     26.172     34.097     62.521     25.228
     38.904     60.792     25.057     37.737     58.066     22.894
     41.107     63.928     24.927     42.546     65.093     23.014
     42.158     66.088     27.882     40.070     64.205     30.451
     45.279     68.301     28.025     46.097     69.056     26.484
     46.981     70.998     30.079     47.717     70.119     31.619
     48.878     72.598     27.189     48.878     72.598     27.189
     49.395     76.346     27.650     49.160     76.729     29.107
     51.580     79.066     26.240     51.580     79.066     26.240
     52.917     79.639     22.758     55.202     82.198     19.766
     54.187     76.084     22.421     57.039     78.306     21.759
     51.371     74.398     24.317     48.986     74.850     23.320
     53.560     73.081     27.144     55.702     73.557     28.642
     51.912     70.459     29.413     51.360     68.253     28.204
     51.935     71.335     33.126     50.348     70.879     34.035
     53.890     68.244     34.162     53.514     64.425     31.977
     57.216     71.633     36.480     55.150     71.398     37.767
     60.119     69.446     35.391     60.061     68.317     34.369
     61.786     72.218     33.347     62.033     70.437     30.114
     60.957     75.104     35.706     58.418     77.584     37.932
     62.987     73.263     38.373     61.996     70.650     40.131
     65.733     72.143     36.014     66.239     70.345     33.212
     66.309     75.561     34.403     65.805     75.260     31.823
     65.673     77.689     37.488     65.673     77.689     37.488
     62.789     79.620     35.917     62.588     78.827     33.451
     60.911     82.043     38.141     63.538     84.182     39.438
     57.825     82.557     35.961     58.649     84.657     34.865
     55.887     81.439     32.876     53.884     79.131     31.288
     56.764     84.651     30.938     58.432     85.489     31.361
     57.332     84.574     27.143     56.371     86.150     27.254
     61.099     84.355     27.748     64.454     85.473     29.210
     60.599     81.345     30.039     60.158     81.734     31.840
     58.312     79.681     27.491     55.170     80.770     27.402
     60.927     80.121     24.743     60.712     82.277     23.492
     63.594     78.746     27.097     63.906     79.280     28.490
     61.708     75.514     27.753     60.275     75.040     28.973
     60.871     74.992     24.073     60.140     75.959     23.180
     64.531     75.464     23.083     65.250     77.820     22.181
     65.634     73.177     25.909     66.995     72.600     28.071
     63.369     70.405     24.610     60.200     70.692     25.593
     64.650     70.958     21.068     63.930     72.720     19.665
     68.225     70.781     22.379     70.895     71.819     24.621
     67.547     67.468     24.142     66.445     68.012     27.225
     66.272     65.943     20.905     64.060     64.175     20.693
     69.529     66.899     19.203     69.529     66.899     19.203
     67.744     69.158     16.683     66.217     69.227     16.587
     69.630     72.425     17.295     69.642     73.614     19.618
     72.463     71.645     14.834     72.858     70.354     16.136
     69.804     70.619     12.274     68.682     67.615     13.109
     67.943     73.916     12.749     66.383     74.336     14.503
     71.120     76.000     12.665     72.067     76.352     14.923
     72.286     74.375      9.429     73.045     70.114     10.096
     68.897     74.568      7.690     68.897     74.568      7.690
     67.921     70.870      7.722     69.937     69.532      7.190
     64.385     71.717      8.792     63.939     73.666      8.905
     62.701     68.526      7.543     61.593     68.190      3.797
     64.985     66.523      9.905     66.886     66.248      7.894
     64.466     68.923     12.803     64.767     70.424     12.769
     60.682     68.610     12.378     59.412     69.624     10.649
     60.890     64.823     12.453     61.598     62.551     11.835
     63.114     64.850     15.557     66.941     63.692     15.787
     60.710     67.190     17.304     61.627     69.009     17.326
     57.511     65.367     16.365     57.729     63.910     15.175
     57.571     63.442     19.641     59.662     63.183     20.817
     57.212     66.714     21.567     59.188     67.933     22.090
     51.456     66.992     18.277     50.187     66.922     19.094
     51.097     69.225     15.193     51.485     71.054     15.392
     54.473     68.166     13.776     56.379     69.598     14.743
     54.567     65.097     11.546     54.792     66.387     10.216
     56.797     62.049     12.205     56.797     62.049     12.205
     58.736     60.587      9.215     60.229     60.457      9.116
     57.028     57.167      9.264     57.028     57.167      9.264
     53.672     58.974      9.037     53.156     60.368     12.608
     51.529     58.630      5.946     51.529     58.630      5.946
     51.778     62.233      4.764     49.302     61.959      3.249
     55.137     63.506      6.132     58.279     64.033      7.401
     56.429     65.224      2.987     58.846     64.399      2.110
     53.252     67.199      2.331     50.530     68.423      1.407
     52.868     68.520      5.911     51.176     65.648      7.707
     56.588     69.320      6.121     57.733     68.344      5.903
     56.199     71.481      2.995     56.588     70.316      0.861
     53.649     73.815      4.557     52.056     73.060      5.359
     55.853     74.119      7.724     55.355     72.384      9.597
     58.973     74.861      5.673     60.302     73.439      4.889
     57.089     77.687      3.946     55.752     77.545      3.256
     56.228     79.240      7.338     53.345     79.704      7.507
     59.794     78.772      8.528     62.918     77.628      9.277
     61.073     80.636      5.468     61.489     78.682      2.461
     58.691     83.565      5.862     55.346     83.448      5.852
     59.790     83.907      9.493     59.602     82.843     10.568
     63.253     84.607      8.033     63.253     84.607      8.033
     64.749     81.133      8.325     64.749     81.133      8.325
     67.003     79.726      5.602     68.636     80.757      5.691
     66.525     76.128      4.443     64.799     75.321      4.052
     69.309     73.980      2.916     72.334     72.415      3.583
    999.900    999.900    999.900    999.900    999.900    999.900
    999.900    999.900    999.900    999.900    999.900    999.900
    999.900    999.900    999.900    999.900    999.900    999.900
    999.900    999.900    999.900    999.900    999.900    999.900
1B7L_A	130
      1.724     20.368     22.075      3.367     23.837     22.524
      4.293     19.388     19.420      4.022     18.031     18.001
      7.042     22.074     19.573      7.452     23.036     22.865
      8.875     23.276     16.530      7.581     24.807     13.961
     12.687     22.912     16.813     16.088     23.137     14.503
     13.930     26.442     17.381     15.019     27.133     15.799
     10.846     27.445     19.386      7.490     26.771     19.656
     11.695     24.629     21.773     11.646     22.108     22.441
     15.427     25.508     21.932     16.355     25.629     20.744
     14.606     29.082     23.109     13.705     30.992     19.608
     11.935     27.810     25.544     10.221     26.961     25.248
     14.541     25.511     27.163     14.743     23.014     26.271
     17.071     28.404     27.236     19.459     30.681     25.780
     14.514     30.645     29.004     11.872     31.896     26.209
     13.867     27.907     31.601     11.500     26.768     31.229
     17.567     27.670     32.544     17.567     27.670     32.544
     18.501     24.481     30.661     16.642     22.381     30.802
     21.500     25.843     28.747     22.653     27.262     27.065
     24.482     24.161     30.388     24.482     24.161     30.388
     22.476     23.015     33.422     20.194     22.031     36.217
     24.820     20.632     35.266     24.639     18.922     38.498
     27.135     20.743     32.271     27.135     20.743     32.271
     24.483     19.722     29.741     22.903     18.084     30.471
     24.367     21.803     26.612     25.146     21.029     25.083
     21.149     22.874     24.938     19.964     25.163     24.962
     22.029     20.701     21.889     23.320     20.774     21.077
     22.128     17.630     24.118     24.370     16.953     24.923
     18.714     18.365     25.631     18.846     19.136     29.309
     17.320     19.005     22.140     16.537     21.258     21.028
     18.688     15.688     20.839     20.357     14.495     20.455
     17.170     13.910     23.877     16.904     13.510     26.468
     13.711     15.446     23.413     13.244     17.462     25.031
     13.751     14.870     19.655     14.207     14.407     16.525
     14.397     11.153     20.111     16.582     10.334     17.335
     12.298     10.690     23.277     13.463      9.945     25.650
      9.034     12.186     21.941      8.767     13.594     23.167
      9.580     14.124     18.721      9.580     14.124     18.721
      9.094     17.280     20.823     12.090     18.556     18.754
      5.592     16.150     21.872      3.653     14.640     21.368
      4.364     17.058     25.381      3.973     18.954     25.553
      1.440     14.580     25.510     -2.226     14.231     23.912
      3.549     11.638     24.286      4.947     11.721     23.682
      3.036      8.706     26.596      1.194      8.594     27.311
      4.332      5.178     26.710      5.737      4.283     24.944
      3.187      2.200     28.742      1.276     -0.315     30.719
      5.785     -0.395     29.777      7.610      1.266     29.962
      3.858     -3.627     30.210      3.139     -4.356     29.083
      6.917     -5.458     31.560      6.917     -5.458     31.560
      7.070     -3.477     34.795      8.510     -1.467     34.814
      3.737     -1.629     34.791      1.095     -5.043     35.989
      5.342      1.843     34.535      7.243      1.969     34.283
      4.511      4.685     32.103      2.614      5.124     31.888
      6.753      7.344     30.482      8.568      5.903     29.690
      5.255     10.830     30.364      2.736      9.411     32.861
      5.532     13.875     28.168      5.532     13.875     28.168
      8.239     15.528     26.142      8.785     17.801     25.514
     11.094     14.053     28.282     12.546     16.901     29.571
      9.340     10.679     28.563      8.123      9.499     26.567
      9.917     10.635     32.321     10.355     12.649     33.517
      9.111      7.297     34.002      9.529      4.886     34.249
      6.486      6.855     36.763      5.078      5.760     36.201
      8.466      4.283     38.795      8.814      0.810     39.077
     10.692      6.948     40.385     13.071      4.121     39.192
      9.887     10.467     39.188     13.478     10.339     38.244
      6.197     11.276     39.246      5.535     11.362     37.235
      3.074      9.834     40.796      1.599      9.389     42.695
      0.313      8.340     38.619      1.281      6.526     37.135
     -1.080      6.185     41.423     -1.080      6.185     41.423
     -0.884      2.970     39.346     -1.597      3.927     35.974
      2.794      1.971     39.285      4.112      2.978     38.264
      3.699     -0.706     41.889      3.282     -1.729     40.377
      6.186      0.292     44.572      6.186      0.292     44.572
      6.933      3.530     42.737      6.147      4.009     41.519
      8.241      6.753     44.188     10.028      6.306     44.905
      7.800     10.413     43.148      5.849     12.010     43.090
     11.218     12.163     43.292     12.570     11.589     42.774
     10.030     15.250     41.374     10.493     15.077     39.375
      7.010     15.465     43.730      8.558     15.005     46.424
      4.599     15.957     40.827      5.866     17.608     39.244
      1.492     14.176     39.534     -0.350     14.424     39.014
      2.469     12.588     36.227      2.937     10.607     36.404
     -0.361     14.720     34.794     -2.067     15.494     35.173
      1.983     17.758     35.265      2.765     18.106     36.549
      4.266     16.210     32.608      6.018     14.946     34.032
      1.479     16.253     30.014      0.545     13.804     30.143
      0.985     20.059     29.952      1.124     21.377     33.058
      1.730     22.269     26.932     -0.108     22.514     25.284
      3.733     24.461     29.311      4.239     26.106     31.061
      6.966     22.592     29.978      8.419     22.513     28.030
      8.130     24.345     33.153      7.521     25.610     33.800
      7.163     21.452     35.488      5.009     21.967     36.619
      8.723     18.813     33.178      8.292     18.502     31.748
     11.899     20.932     32.969     12.370     22.580     32.001
     12.074     21.172     36.795     11.028     21.754     37.713
     11.704     17.382     36.905     10.459     15.705     36.744
     14.354     16.832     34.194     14.256     17.313     32.773
     16.765     19.042     36.210     16.281     22.781     35.710
     16.008     16.824     39.241     15.574     14.636     42.111
     16.757     13.708     37.209     15.819     12.849     35.738
     20.188     15.000     36.142     20.204     16.173     34.567
     21.105     16.072     39.701     18.017     19.063     41.014
     21.599     12.291     40.149     19.617     11.108     40.938
     24.947     10.504     39.422     24.361      9.519     40.872
     24.203      9.424     35.837     22.281      6.750     35.286
     23.226     12.934     34.755     23.226     12.934     34.755
     21.946     13.005     31.136     22.085     14.063     29.310
     22.838      9.284     30.872     27.057      9.624     30.244
     19.626      8.556     32.826     18.880      9.592     33.681
     17.862      8.417     29.462     16.132     11.823     30.472
     18.995      5.368     27.498     18.710      3.465     27.695
     17.819      7.062     24.284     16.444      7.737     24.047
     20.343      9.855     24.875     23.275     11.924     26.207
     23.107      7.243     25.079     22.846      4.917     28.898
     21.831      5.556     21.911     20.138      3.881     22.666
     21.528      8.563     19.651     18.218      6.722     18.098
     23.112     11.624     21.235     21.401     12.438     22.017
     26.180     10.510     23.162     27.151      8.387     25.516
     29.498     10.935     21.308     30.655      9.266     22.721
     27.602     12.362     18.347     24.926      8.939     17.297
     27.555     15.647     16.446     28.118     17.086     14.494
     24.403     17.252     17.932     24.173     16.628     19.779
     25.204     20.787     16.709     29.576     21.702     16.626
     22.435     20.517     14.127     21.902     17.331     13.225
     19.702     20.619     16.782     19.411     16.854     17.227
     20.296     24.265     17.780     21.386     24.270     19.385
     21.606     25.690     14.520     23.962     24.668     14.475
     19.801     28.846     13.534     19.801     28.846     13.534
     17.668     29.063     16.695     17.268     27.077     17.170
     19.363     32.133     18.154     19.363     32.133     18.154
     20.451     30.347     21.352     20.175     29.088     21.836
