
00000000000000000000
01000000001100000000
00500001000120000000
00000000100000000011
00000000002000000000
00000100001100010000
11000010000110001000
02100003000001001100
00000010200000000010
00010000020000010002
00002000004000000000
00000101010000000100
00100010010000000010
00010002000000000000
00110000201020001000
10000100000110000000
01000010001010000000
00100001000000020000
00000110002002001010
10000001000000010001
02000000000000000000
10100000100100100000
00010010001000110100
00001001000100001000
00000100000100100000
00000010000010010100
00010100001000110010
01000000000100110000
00000100100001001100
00000000200000000100
03001003010000000002
00400000200100001011
00000000010110000200
01100001000020000000
01100200000301000000
00021000000020000000
10011000000000020000
00001000000000203000
00000100001000010200
00000000000100000030
01000000000010000003
00000001020010000020
00010000002100001000
01001000000020000000
00100000001010010000
01010000000102003000
00000000001000010101
00000001000101020030
10000000000000003103
10100100001000000010
00100000000000000000
00000000000000000001
10011100000000001000
00000110000000000100
00000010000000000000
11300110000100010000
00020001010010001001
00100000000000000100
10000000000000000010
00100010012000000001
00110000000100000000
10001000000111000001
01001000020021010010
00000100011000201000
01000000000010000000
00100000001000020000
01010000000101003001
00100000000000000000
00000100000000001000
00000010000000100002
00000201000000001000
30010010000000100001
00000110000000010004
00000000002000000001
10000001110000000100
10200000110000000010
00110000001003000010
00020000000020500000
00012000000001020000
01001000000001001000
01000000000010020300
00010002000000001010
00002001000000000100
00000100000000010010
00000100000000001002
00000000000000000000
00000000000000000010
02010000110002000000
00200000010000000000
00020000000100012000
01001010010000001000
00100001001000000010
00010000100100000010
00001000000010000014
00000200101000001000
01000010000001000000
00000010001000000000
01300000000100000000
00000000000000101000
00000000020002000100
00010110002000100000
00001000100000030200
00000100010020001000
00000000010002000200
00000000001000100010
00000000000000000000
01000000020101000000
10200100001000000000
01010010000000110000
00002000000010000010
00000300000001010000
00002010000000010111
00000001000000000010
01000010200000001100
00100003010000000010
00100001400001001000
11001010100000000100
01200000000010000000
02100100100201000000
00110020010120001000
10011100001000000000
01000110000000001000
00100210030010010000
00000011000011102000
00000000010000010000
10000100010000010000
00000010110001001002
00000001001110001000
20000000000000000000
00010000000000100000
00001000001000010000
00010001000000011000
10100000000010002000
01010000000001000000
00000000100001100010
00030000010000000012
00002020100010000000
10000111000101001100
10000011000020000110
01300001000100000000
00110000101020001100
00011100011000030000
01001100001100003000
00000120000000020100
10000010100000012010
01000000010000101000
00000100210000000010
20000000013000000003
01001000002110100001
00100000100100000000
01000000000012100001
00201000000001301100
00000100100000001010


00000010001210000000
00000000000000000000
10100000100021000001
00000000010000000010
00000000011000010000
00000000000000000000
00000010000010001100
01000001000000000110
00001010000001100010
00000000020000000001
00000000002000000000
20100001010000001000
01200000001010100000
10010000000001010000
01010110000010000000
10003000000101010000
01010010000000001010
00002001000000000000
00000202000000101010
00001000010000010101
00100000000000000000
20010000100000000000
01000001000100000100
20100100000001000000
02000000000000000000
00000101000020000000
00010000000000000000
00000000000100010200
00000000101000000000
00000010100000000220
00000001000000000113
00100000100000011001
12100000000110000001
00000010000010000000
01200100100000000000
00040120010000000000
10010100000000001000
01010000001000000000
00201000010110000000
00010000000100000000
00001010000110101000
00000101010020010100
00000000002011000000
00000001000000000000
00000000000101001000
10000000000100003000
00000001000000010000
00000010100000000010
00000001000000102002
01000000001000000010
00000000000000001010
00000000000000010103
01101000000000001000
01000000000100000100
00000001000000000010
01021000000001000001
00001000010000100000
10001100001000000000
01001301100000001000
01100101000000000100
00000000000010000010
01000000200101000000
00000100002000000000
01010000000100010000
00000000001301201000
00100001100001000000
00000010010000100000
00000000000010100200
10010000000000000000
00000010000000000000
00200200000000010000
00010020100000001020
00001001000000000012
00000010301000000000
00000010020200000000
01000001001000000000
02300100010000000000
00000000000000200000
10010100000000010000
01011300100000001000
00000120000001010100
00010001100000000000
00001000010000000000
00000100011000001000
00000000000000000000
00000000010000000000
00000100001120000000
00010000010000000000
00001000002000010000
00000200000100101000
00000010010000121101
00000001000000000010
00000000000000000010
00100000020000000101
00011000002000000001
31000000100000001000
01000001000000000000
20110001000000000000
02110000100000200000
00001000001020010000
10000100000100000000
00001001000100000000
00000210100010000000
00000000010000001000
00000002111001000100
00000001010100100010
01000011101100000001
00000000100001010000
00000000010010101101
01000000000003100100
00000010000100101000
00000000000010100101
00101001000000002100
00100000010000000210
00010000010000010100
00001000001100001003
10000000000100000000
33000010000000100100
01001100000000100000
01000000100010010100
00111000010001000000
00011101100000300000
01001000010100000000
00000200000010001001
01000020000000000100
10000002011000000020
00000000000000100000
00000000000000000000
00001000001001000000
01010000100111011000
00100000000000000000
00000100100000000000
00000010010000000000
00000002000000000100
10000010000001001100
01000000000000000000
00000000002000001000
10000000010100000000
12011000002000100010
01000000000000000001
00011100000000100000
00003010000101011000
00001101001000000110
00100000100000000000
10000102110000000000
00000002300100000000
10000200010000100000
00010000001110000000
01001000010220000000
00200000000121010000
10020000100020000000
01002001001000010000
00000200100100111000
00000030000001020000

