leghemoglobin:
-nan  -nan  -nan  
49.403000  -28.929001  48.724998  
51.304749  -26.284500  43.757751  
56.708668  -26.018999  47.891998  
58.534801  -18.800800  46.470200  
60.473999  -25.333000  45.075996  
55.378204  -28.566401  44.941795  
54.497002  -22.052000  41.979000  
59.504002  -21.861000  40.410999  
60.209003  -27.445251  39.229752  
53.273670  -26.027334  37.249004  
56.407398  -18.674000  35.309200  
60.485001  -23.299999  34.082001  
56.917503  -27.459000  33.295998  
52.343700  -21.673100  29.947998  
58.111797  -19.519598  31.142202  
61.256805  -27.020802  28.091999  
52.156139  -27.162287  26.086430  
53.212749  -20.710501  25.318251  
58.977001  -22.697001  23.379999  
57.495499  -26.757250  18.769249  
51.274998  -23.919750  21.305000  
53.210003  -25.430000  16.430334  
57.996601  -31.127798  19.216200  
56.025665  -29.312834  22.904669  
49.088001  -28.116667  20.724669  
50.807171  -34.334667  15.887333  
53.797142  -37.826000  21.767572  
46.593853  -32.759712  25.348001  
43.862282  -33.112286  21.144001  
49.563004  -38.959751  18.565498  
50.911499  -38.863754  24.841501  
43.618999  -37.240997  24.619001  
42.836750  -39.851002  19.794001  
49.627403  -43.556000  22.174000  
45.567001  -42.291504  28.001999  
40.368000  -42.933998  26.254000  
41.250336  -45.828335  21.866999  
35.915001  -44.360001  22.879999  
38.701000  -39.576000  24.021000  
39.063999  -39.936199  15.911400  
34.021500  -40.766251  18.551250  
34.321499  -36.663250  23.895752  
38.534428  -33.632568  22.201284  
34.739998  -29.493000  16.830000  
40.022999  -29.979715  17.935143  
40.761501  -35.149498  17.166248  
33.469402  -34.868797  16.588800  
-nan  -nan  -nan  
41.199333  -36.372334  11.604667  
43.739502  -40.314499  8.371500  
47.681602  -39.687000  9.502001  
46.042004  -36.271000  16.381666  
44.430668  -32.946335  12.902000  
51.453197  -33.813400  11.678599  
51.004498  -27.806999  10.608749  
42.988251  -28.301249  13.071250  
44.145336  -23.414335  12.795334  
38.537201  -25.643600  14.922000  
44.895500  -30.311251  17.508249  
48.409996  -25.294800  16.281200  
42.972000  -22.240000  19.708000  
40.459499  -28.195166  23.457001  
45.916000  -28.705000  22.951000  
-nan  -nan  -nan  
41.193600  -21.900600  24.549999  
43.164669  -28.308334  28.081335  
49.182285  -29.005713  28.063856  
47.953800  -19.103802  29.518000  
42.048748  -22.680000  32.032249  
46.483334  -27.769999  34.452667  
51.417000  -20.725126  33.909752  
46.257202  -18.582401  33.837196  
44.944000  -24.298000  38.474998  
50.456001  -24.610001  39.230000  
51.310749  -19.255249  39.152748  
43.655602  -19.028799  41.458199  
46.436501  -25.058750  44.160751  
53.141197  -19.960201  45.006001  
49.506001  -16.384333  44.694000  
44.875000  -17.714333  46.094330  
-nan  -nan  -nan  
41.420334  -21.360334  47.569996  
41.698666  -23.975668  41.600002  
39.146667  -17.854334  43.182667  
34.083332  -21.379669  40.750668  
37.174000  -17.315750  36.726753  
32.929001  -15.389000  34.299000  
37.355667  -18.169664  32.158001  
37.374001  -22.485249  36.310753  
30.516001  -19.645399  37.872601  
31.333000  -20.212250  29.064251  
36.130249  -24.893000  31.581749  
-nan  -nan  -nan  
27.773001  -24.134001  30.629999  
32.146667  -25.375999  26.996332  
32.501999  -30.007000  30.283001  
26.977333  -30.350000  31.336668  
26.987999  -28.037498  25.869499  
31.227200  -29.535599  22.891399  
-nan  -nan  -nan  
33.779667  -33.380001  28.961668  
31.228001  -38.130001  31.988001  
32.410500  -36.178001  37.391502  
34.511002  -41.556000  34.193001  
34.960003  -38.359333  28.964666  
37.491142  -33.596714  34.377571  
40.389332  -39.911667  35.194668  
41.110668  -40.030003  29.118002  
42.384998  -34.267334  29.465998  
45.543800  -36.792400  37.047600  
47.778999  -40.718597  33.966999  
46.884998  -37.049999  27.656000  
47.760750  -32.197502  31.073502  
50.848248  -36.069752  34.945999  
51.678398  -40.718399  29.901402  
51.942001  -33.363003  26.518667  
54.368500  -31.118752  31.355501  
58.084400  -38.800602  31.924398  
56.453999  -37.529999  24.951200  
57.227665  -30.098000  26.843666  
60.229000  -31.187332  31.239668  
-nan  -nan  -nan  
67.613998  -34.584999  30.638000  
64.818398  -29.102200  31.452000  
59.464100  -36.877399  35.309200  
61.791500  -33.043503  39.140999  
59.579399  -39.085003  42.344002  
59.239197  -30.706799  44.241798  
58.110001  -30.931999  36.137497  
54.542496  -36.850998  37.733749  
54.625000  -33.818001  43.210999  
54.438999  -29.372000  40.643002  
52.345299  -29.052601  34.414402  
49.755337  -35.335003  40.037334  
49.445000  -31.005751  44.292999  
48.205002  -27.517000  39.188999  
43.838997  -32.866375  35.052002  
44.517502  -34.571751  41.152752  
43.352997  -29.204199  44.814995  
41.798752  -26.203249  36.819248  
40.009998  -32.130001  37.908001  
38.399750  -30.983000  43.662498  
37.269333  -25.348665  41.044331  
36.926998  -27.798750  35.102749  
35.715801  -34.042000  38.618599  
32.513802  -26.903198  43.217400  
31.401800  -24.040600  38.389599  
31.754501  -31.101498  34.223747  
27.294001  -32.187500  40.012001  
26.837749  -26.249500  40.644005  
26.778999  -26.554001  33.675999  
24.261999  -30.936001  34.534000  
myoglobin:
24.370251  10.521500  -6.795000  
27.812332  11.273000  -13.180667  
29.280249  15.076000  -7.715500  
28.924000  19.372000  -12.766500  
36.014397  19.177601  -13.540998  
-nan  -nan  -nan  
27.476999  19.288000  -9.099199  
33.503304  14.922101  -8.051800  
37.439003  22.072399  -9.929200  
31.423750  24.666000  -5.915000  
33.417004  18.294001  -3.349000  
38.531498  18.050751  -5.236750  
38.146332  26.958498  -3.240667  
35.080334  23.124334  1.204000  
38.554699  16.863100  2.363300  
42.299000  22.888000  -0.973000  
40.785000  26.937601  1.599800  
38.915665  20.003000  5.451334  
43.889400  17.982401  1.814400  
45.095001  24.336000  5.996000  
43.887001  22.054501  11.746500  
43.970669  16.252668  7.879000  
45.167999  16.908001  13.634000  
-nan  -nan  -nan  
39.259830  21.297667  9.176167  
-nan  -nan  -nan  
40.761803  17.369999  18.324800  
36.533249  21.080250  15.170500  
34.323997  16.093750  10.860749  
35.914501  11.464750  14.867749  
34.642502  16.528999  19.882999  
27.560713  19.135714  15.537857  
29.568251  10.881250  14.352000  
32.318714  9.989429  18.733715  
29.054602  17.816799  21.738998  
25.087999  16.018999  16.880001  
23.148500  11.923667  15.196168  
24.532667  10.686666  21.865667  
22.428999  7.088800  18.344000  
27.471666  7.696001  16.292000  
31.248999  7.604750  22.185249  
25.932598  2.542400  22.562000  
28.376400  0.178800  15.972600  
34.143143  4.789143  16.822857  
34.996750  -2.319500  21.144501  
41.311283  2.894714  19.185574  
38.138859  6.476857  20.046858  
32.262798  0.722600  24.609200  
37.471165  5.464000  27.576834  
36.567749  9.514999  25.152248  
32.269600  9.024800  32.247799  
33.173000  15.256667  29.774668  
33.064201  19.421000  23.351000  
36.574001  18.297001  28.780001  
36.486000  12.283200  30.021399  
34.037251  13.155001  23.202751  
37.577400  20.226801  23.024403  
42.044998  15.538000  26.827999  
41.170998  10.586000  23.146000  
47.491203  13.051600  21.502600  
44.528500  6.320250  21.434500  
38.336998  11.553000  19.579500  
45.124199  15.252200  18.047400  
47.114601  8.804000  17.676601  
39.291332  6.378167  14.085167  
-nan  -nan  -nan  
45.044998  12.613667  11.261333  
43.301666  6.713666  10.466667  
37.648998  8.864667  9.828333  
38.886250  14.377750  8.102750  
44.546337  10.632000  5.546667  
40.131001  6.920000  4.614000  
35.584999  11.639501  3.492750  
-nan  -nan  -nan  
42.259998  8.827000  -0.566000  
36.627499  7.673750  -0.837000  
35.648998  13.891750  -0.960750  
42.785000  14.686600  -2.771000  
40.470802  7.812200  -7.098400  
37.686798  15.140399  -10.128401  
-nan  -nan  -nan  
36.562664  8.070500  -12.583667  
33.944500  6.456833  -5.234000  
36.435001  2.163800  -9.405399  
40.548000  0.731000  -6.165000  
40.520000  4.699200  -3.971600  
33.554749  3.059000  -2.064750  
36.788399  -3.903200  -4.607000  
39.630001  -1.427667  0.789667  
36.194748  2.925750  3.782750  
32.471001  -1.465000  1.527000  
36.318600  -7.341001  3.335600  
36.866501  -2.083000  7.456500  
34.011337  1.387000  8.179167  
29.832001  -4.406000  5.674000  
32.511669  -8.418667  7.197333  
37.607597  -5.696200  11.961000  
35.303497  -1.342167  11.881833  
29.096003  -6.327800  12.634801  
29.652750  1.496500  11.144500  
24.244331  1.000000  11.224667  
23.795250  3.039250  4.464000  
19.456800  6.673400  10.767600  
24.942249  4.124375  14.030126  
28.282249  5.197250  6.346750  
21.455799  8.555799  6.098001  
22.801571  9.369286  12.677428  
30.903751  10.458500  9.797250  
27.260000  12.098500  5.314500  
23.485001  15.772202  11.059600  
29.364000  15.302000  11.976000  
32.040749  15.346999  6.755750  
26.911501  18.961502  5.106750  
27.608002  21.943502  13.014335  
33.207664  20.514334  11.509000  
33.352501  21.101749  5.450000  
26.943998  26.742666  7.750834  
30.659000  25.661499  12.269000  
37.876141  24.344286  11.645429  
36.971664  25.748001  6.118834  
32.303333  30.944666  7.095333  
-nan  -nan  -nan  
36.477501  29.146749  0.560250  
30.231428  23.788570  3.150429  
-nan  -nan  -nan  
23.476000  27.937000  -1.078000  
25.615751  27.526999  -5.785500  
30.413000  25.382000  -1.629000  
25.272400  23.095200  3.030800  
-nan  -nan  -nan  
29.173000  20.788000  -4.793000  
31.472500  18.452499  0.963250  
23.752249  16.680250  0.340000  
25.255398  15.967000  -7.269400  
30.826000  14.810000  -2.875000  
29.638250  13.759251  2.245500  
22.679798  12.897400  -1.498000  
28.842751  9.477249  -6.151250  
31.575287  7.568143  1.440143  
24.995285  9.527000  2.759428  
24.302401  5.964000  -5.359800  
29.083752  4.380000  -5.540000  
30.131250  2.618750  1.714000  
24.101999  1.674000  0.303000  
25.797001  -0.472000  -4.236000  
30.651800  -1.095600  -3.344200  
27.754751  -1.128125  4.582375  
21.662399  -5.865400  -2.281400  
28.403997  -5.694200  -4.831800  
31.114750  -6.723000  1.228500  
-nan  -nan  -nan  
25.858374  -4.293875  7.857875  
22.082998  -2.499200  1.873200  
23.566000  -0.766000  6.543000  
